plastova tyc

b [mm]
------
15.06
14.98
14.97
14.99
14.98
14.97
14.98
14.96
14.97
14.97

a [mm]
------
3.98
3.98
3.97
3.97
3.97
3.98
3.97
3.98
3.97
3.98

=============

mosazova tyc

b [cm]
------
2.504
2.520
2.524
2.520
2.530
2.522
2.524
2.534
2.528
2.534

a [mm]
------
5.05
5.04
5.05
5.03
5.01
5.04
5.04
5.04
5.03
5.04

===============

ocelova tyc

b [cm]
------
2.538
2.534
2.528
2.526
2.534
2.532
2.538
2.510
2.536
2.538

a [mm]
------
4.79
4.81
4.92
4.80
4.81
4.80
4.79
4.79
4.80
4.80

=============

hlinik

b [cm]
------
2.540
2.532
2.534
2.494
2.534
2.534
2.536
2.538
2.514
2.532

a [mm]
------
9.89
9.88
9.88
9.89
9.88
9.85
9.86
9.87
9.89
9.86

==============

mosaz ctverec

b [mm]
------
11.98
11.99
12.00
11.99
11.99
11.99
11.99
11.98
11.99
12.00

a [mm]
-----
11.97
11.96
11.96
11.97
11.95
11.96
11.96
11.96
11.96
11.96

==============

l [cm]
------
89.8
89.9
89.9
89.8
89.9
89.8
89.9
89.8
89.9
89.9
