uhlik [mm]
----------
-0.002
-1.752
-3.579
-5.103
-6.070
-5.111
-3.583
-1.760
-0.002

mosaz [mm]
----------
0.002
-0.475
-0.953
-1.419
-1.904
-2.396
-2.840
-3.316
-3.798
-4.278
-4.735
-4.281
-3.802
-3.321
-2.847
-2.404
-1.419
-1.910
-0.952
-0.478
-0.001

ocel [mm]
---------
0.009
-0.266
-0.540
-0.804
-1.076
-1.344
-1.616
-1.888
-2.158
-2.430
-2.700
-2.430
-2.158
-1.888
-1.616
-1.344
-1.076
-0.804
-0.540
-0.266
0.009

hlinik [mm]
-----------
0.013
-0.075
-0.167
-0.259
-0.350
-0.442
-0.534
-0.624
-0.716
-0.809
-0.899
-0.808
-0.718
-0.625
-0.540
-0.443
-0.353
-0.262
-0.167
-0.076
-0.012

mosaz ctverec [mm]
-------------
0.002
-0.088
-0.172
-0.259
-0.349
-0.439
-0.529
-0.617
-0.705
-0.793
-0.881
-0.795
-0.707
-0.620
-0.530
-0.441
-0.352
-0.265
-0.178
-0.091
-0.001
