0,0000000E+0	2,4851860E+0	1,0500000E+4	1,1094090E+3
1,5029120E+0	2,4309905E+0	1,0500000E+4	1,1110644E+3
2,5204134E+0	2,3482741E+0	1,0500000E+4	1,1125695E+3
3,5380402E+0	2,6072563E+0	1,0500000E+4	1,1139833E+3
4,5458350E+0	2,7147682E+0	1,0500000E+4	1,1156199E+3
5,5643635E+0	2,6088955E+0	1,0500000E+4	1,1172878E+3
6,5741644E+0	2,5573821E+0	1,0500000E+4	1,1187823E+3
7,5926547E+0	2,7168395E+0	1,0500000E+4	1,1201667E+3
8,6004624E+0	2,6814939E+0	1,0500000E+4	1,1216506E+3
9,6122379E+0	2,6401730E+0	1,0500000E+4	1,1230625E+3
1,0634646E+1	2,7983041E+0	1,0500000E+4	1,1243981E+3
1,1641520E+1	2,7463885E+0	1,0500000E+4	1,1258457E+3
1,2662028E+1	2,6799442E+0	1,0500000E+4	1,1271600E+3
1,3668855E+1	2,7725102E+0	1,0500000E+4	1,1283641E+3
1,4681521E+1	2,6842953E+0	1,0500000E+4	1,1295714E+3
1,5701991E+1	2,8059037E+0	1,0500000E+4	1,1306672E+3
1,6710782E+1	2,8527381E+0	1,0500000E+4	1,1318407E+3
1,7728414E+1	2,7335139E+0	1,0500000E+4	1,1329666E+3
1,8736216E+1	2,7462395E+0	1,0500000E+4	1,1338985E+3
1,9756717E+1	2,9454680E+0	1,0500000E+4	1,1348304E+3
2,0766476E+1	2,8904231E+0	1,0500000E+4	1,1359112E+3
2,1775206E+1	2,7362706E+0	1,0500000E+4	1,1369445E+3
2,2787896E+1	2,8256627E+0	1,0500000E+4	1,1377850E+3
2,3808454E+1	2,8827341E+0	1,0500000E+4	1,1386662E+3
2,4817243E+1	2,7581455E+0	1,0500000E+4	1,1395793E+3
2,5834815E+1	2,8056355E+0	1,0500000E+4	1,1403478E+3
2,6842623E+1	2,8146209E+0	1,0500000E+4	1,1411264E+3
2,7861171E+1	2,7940424E+0	1,0500000E+4	1,1418655E+3
2,8868979E+1	2,9454233E+0	1,0500000E+4	1,1425809E+3
2,9891377E+1	2,8884413E+0	1,0500000E+4	1,1434245E+3
3,0899242E+1	2,7670415E+0	1,0500000E+4	1,1441987E+3
3,1918715E+1	2,9289873E+0	1,0500000E+4	1,1448327E+3
3,2926563E+1	2,9273780E+0	1,0500000E+4	1,1455461E+3
3,3936335E+1	2,7710350E+0	1,0500000E+4	1,1462189E+3
3,4955870E+1	2,8458090E+0	1,0500000E+4	1,1467234E+3
3,5964647E+1	2,9546918E+0	1,0500000E+4	1,1472466E+3
3,6983203E+1	2,8443636E+0	1,0500000E+4	1,1478555E+3
3,7990027E+1	2,7927758E+0	1,0500000E+4	1,1483700E+3
3,9008602E+1	2,9626192E+0	1,0500000E+4	1,1488588E+3
4,0016388E+1	2,9208513E+0	1,0500000E+4	1,1494884E+3
4,1036887E+1	2,7995409E+0	1,0500000E+4	1,1500397E+3
4,2044650E+1	2,9571952E+0	1,0500000E+4	1,1504941E+3
4,3062214E+1	2,9576721E+0	1,0500000E+4	1,1510780E+3
4,4078867E+1	2,8276445E+0	1,0500000E+4	1,1516507E+3
4,5087595E+1	2,9333236E+0	1,0500000E+4	1,1520625E+3
4,6105227E+1	2,9971601E+0	1,0500000E+4	1,1525413E+3
4,7114984E+1	2,8731825E+0	1,0500000E+4	1,1530782E+3
4,8124748E+1	2,8464647E+0	1,0500000E+4	1,1534581E+3
4,9144277E+1	2,9127302E+0	1,0500000E+4	1,1537667E+3
5,0151102E+1	2,9075893E+0	1,0500000E+4	1,1540984E+3
5,1171583E+1	2,9873850E+0	1,0500000E+4	1,1544739E+3
5,2183331E+1	2,8898867E+0	1,0500000E+4	1,1549451E+3
5,3193083E+1	2,8096290E+0	1,0500000E+4	1,1552894E+3
5,4211630E+1	3,0474367E+0	1,0500000E+4	1,1555491E+3
5,5220361E+1	3,0811878E+0	1,0500000E+4	1,1560272E+3
5,6241898E+1	2,9381962E+0	1,0500000E+4	1,1565361E+3
5,7252634E+1	2,8257223E+0	1,0500000E+4	1,1568577E+3
5,8260438E+1	3,0018093E+0	1,0500000E+4	1,1570737E+3
5,9280892E+1	2,9679837E+0	1,0500000E+4	1,1574091E+3
6,0288756E+1	2,8132053E+0	1,0500000E+4	1,1576807E+3
6,1309199E+1	2,8980674E+0	1,0500000E+4	1,1577903E+3
6,2317064E+1	2,8859379E+0	1,0500000E+4	1,1579411E+3
6,3335557E+1	2,8356315E+0	1,0500000E+4	1,1580857E+3
6,4344396E+1	2,9976519E+0	1,0500000E+4	1,1582327E+3
6,5354156E+1	2,9690714E+0	1,0500000E+4	1,1585413E+3
6,6372708E+1	2,8328152E+0	1,0500000E+4	1,1588279E+3
6,7382413E+1	2,9225649E+0	1,0500000E+4	1,1589662E+3
6,8401022E+1	3,1040015E+0	1,0500000E+4	1,1592015E+3
6,9419560E+1	3,0348154E+0	1,0500000E+4	1,1596121E+3
7,0428302E+1	2,8757902E+0	1,0500000E+4	1,1599194E+3
7,1437142E+1	2,9411467E+0	1,0500000E+4	1,1600189E+3
7,2454710E+1	3,0175896E+0	1,0500000E+4	1,1601635E+3
7,3464417E+1	2,9012265E+0	1,0500000E+4	1,1603894E+3
7,4483022E+1	2,8660597E+0	1,0500000E+4	1,1605139E+3
7,5491751E+1	2,9448571E+0	1,0500000E+4	1,1605678E+3
7,6511335E+1	2,8477462E+0	1,0500000E+4	1,1606573E+3
7,7519142E+1	2,9504003E+0	1,0500000E+4	1,1606848E+3
7,8539596E+1	3,0252935E+0	1,0500000E+4	1,1608006E+3
7,9551358E+1	2,9271545E+0	1,0500000E+4	1,1609577E+3
8,0560086E+1	2,8381796E+0	1,0500000E+4	1,1609890E+3
8,1579613E+1	2,9866846E+0	1,0500000E+4	1,1609702E+3
8,2586444E+1	2,9613228E+0	1,0500000E+4	1,1610891E+3
8,3605971E+1	2,8464051E+0	1,0500000E+4	1,1611780E+3
8,4613814E+1	2,9988589E+0	1,0500000E+4	1,1611604E+3
8,5632329E+1	3,0319842E+0	1,0500000E+4	1,1613025E+3
8,6640137E+1	2,9012265E+0	1,0500000E+4	1,1615491E+3
8,7660639E+1	2,7107151E+0	1,0500000E+4	1,1616699E+3
8,8668447E+1	2,5416614E+0	1,0500000E+4	1,1614696E+3
8,9686024E+1	2,3610742E+0	1,0500000E+4	1,1609940E+3
9,0692852E+1	2,2025408E+0	1,0500000E+4	1,1603299E+3
9,1713354E+1	2,1011086E+0	1,0500000E+4	1,1595558E+3
9,2723116E+1	2,0155461E+0	1,0500000E+4	1,1587178E+3
9,3733853E+1	1,9361825E+0	1,0500000E+4	1,1578747E+3
9,4755333E+1	1,8448682E+0	1,0500000E+4	1,1570812E+3
9,5762165E+1	1,7616750E+0	1,0500000E+4	1,1563139E+3
9,6779737E+1	1,7091931E+0	1,0500000E+4	1,1555898E+3
9,7788522E+1	1,6544909E+0	1,0500000E+4	1,1548525E+3
9,8806095E+1	1,5882106E+0	1,0500000E+4	1,1541159E+3
9,9823669E+1	1,5298874E+0	1,0500000E+4	1,1534062E+3
1,0083148E+2	1,5012176E+0	1,0500000E+4	1,1527165E+3
1,0185100E+2	1,4745147E+0	1,0500000E+4	1,1520644E+3
1,0285881E+2	1,4266075E+0	1,0500000E+4	1,1514172E+3
1,0387736E+2	1,3734401E+0	1,0500000E+4	1,1507876E+3
1,0488615E+2	1,3367087E+0	1,0500000E+4	1,1501599E+3
1,0590470E+2	1,3136417E+0	1,0500000E+4	1,1495560E+3
1,0691348E+2	1,2761355E+0	1,0500000E+4	1,1489526E+3
1,0793111E+2	1,2266637E+0	1,0500000E+4	1,1483474E+3
1,0893984E+2	1,1911840E+0	1,0500000E+4	1,1477310E+3
1,0995741E+2	1,1752099E+0	1,0500000E+4	1,1471189E+3
1,1096619E+2	1,1527837E+0	1,0500000E+4	1,1465031E+3
1,1197889E+2	1,1153073E+0	1,0500000E+4	1,1458804E+3
1,1299744E+2	1,0851622E+0	1,0500000E+4	1,1452802E+3
1,1400329E+2	1,0758043E+0	1,0500000E+4	1,1446862E+3
1,1502184E+2	1,0663421E+0	1,0500000E+4	1,1441023E+3
1,1604039E+2	1,0406078E+0	1,0500000E+4	1,1435315E+3
1,1705113E+2	1,0118783E+0	1,0500000E+4	1,1429689E+3
1,1805796E+2	1,0037274E+0	1,0500000E+4	1,1424050E+3
1,1907749E+2	1,0048450E+0	1,0500000E+4	1,1418543E+3
1,2008630E+2	9,8755962E-1	1,0500000E+4	1,1413173E+3
1,2110484E+2	9,6151238E-1	1,0500000E+4	1,1407822E+3
1,2212142E+2	9,5027691E-1	1,0500000E+4	1,1402596E+3
1,2312825E+2	9,5260149E-1	1,0500000E+4	1,1397414E+3
1,2414777E+2	9,4537443E-1	1,0500000E+4	1,1392232E+3
1,2515656E+2	9,2254585E-1	1,0500000E+4	1,1387100E+3
1,2617511E+2	9,0698903E-1	1,0500000E+4	1,1382049E+3
1,2718389E+2	9,1101235E-1	1,0500000E+4	1,1377061E+3
1,2820147E+2	9,1139978E-1	1,0500000E+4	1,1372255E+3
1,2920830E+2	8,9336937E-1	1,0500000E+4	1,1367467E+3
1,3022685E+2	8,7627774E-1	1,0500000E+4	1,1362817E+3
1,3123661E+2	8,7893014E-1	1,0500000E+4	1,1358236E+3
1,3225516E+2	8,8733440E-1	1,0500000E+4	1,1353736E+3
1,3326199E+2	8,7605422E-1	1,0500000E+4	1,1349267E+3
1,3427956E+2	8,5759168E-1	1,0500000E+4	1,1344843E+3
1,3528737E+2	8,5879867E-1	1,0500000E+4	1,1340481E+3
1,3630690E+2	8,7106233E-1	1,0500000E+4	1,1336269E+3
1,3731568E+2	8,6744135E-1	1,0500000E+4	1,1332025E+3
1,3833228E+2	8,4905331E-1	1,0500000E+4	1,1327976E+3
1,3934204E+2	8,4403162E-1	1,0500000E+4	1,1323989E+3
1,4036059E+2	8,5726385E-1	1,0500000E+4	1,1320109E+3
1,4136840E+2	8,5705524E-1	1,0500000E+4	1,1316129E+3
1,4238695E+2	8,4029143E-1	1,0500000E+4	1,1312111E+3
1,4340062E+2	8,3096330E-1	1,0500000E+4	1,1308105E+3
1,4441819E+2	8,4188586E-1	1,0500000E+4	1,1304382E+3
1,4542697E+2	8,4921723E-1	1,0500000E+4	1,1300720E+3
1,4644454E+2	8,3599990E-1	1,0500000E+4	1,1297322E+3
1,4745626E+2	8,2226102E-1	1,0500000E+4	1,1293886E+3
1,4847383E+2	8,2568829E-1	1,0500000E+4	1,1290557E+3
1,4948459E+2	8,3743041E-1	1,0500000E+4	1,1287227E+3
1,5049140E+2	8,3021825E-1	1,0500000E+4	1,1284060E+3
1,5151093E+2	8,1287329E-1	1,0500000E+4	1,1280962E+3
1,5252367E+2	8,1399088E-1	1,0500000E+4	1,1277921E+3
1,5353240E+2	8,2443659E-1	1,0500000E+4	1,1274804E+3
1,5455193E+2	8,2330411E-1	1,0500000E+4	1,1271681E+3
1,5556071E+2	8,0803042E-1	1,0500000E+4	1,1268383E+3
1,5657926E+2	8,0403690E-1	1,0500000E+4	1,1265110E+3
1,5758805E+2	8,1579392E-1	1,0500000E+4	1,1261886E+3
1,5860660E+2	8,2193320E-1	1,0500000E+4	1,1258845E+3
1,5961441E+2	8,0890958E-1	1,0500000E+4	1,1255766E+3
1,6079019E+2	7,9788272E-1	1,0500000E+4	1,1252793E+3
1,6164662E+2	8,0956523E-1	1,0500000E+4	1,1250027E+3
1,6265443E+2	8,1738834E-1	1,0500000E+4	1,1247354E+3
1,6367493E+2	8,0718105E-1	1,0500000E+4	1,1244544E+3
1,6468177E+2	7,9432135E-1	1,0500000E+4	1,1241772E+3
1,6570227E+2	8,0040102E-1	1,0500000E+4	1,1239043E+3
1,6670813E+2	8,1142788E-1	1,0500000E+4	1,1236364E+3
1,6772570E+2	8,0841785E-1	1,0500000E+4	1,1233805E+3
1,6874522E+2	7,9265242E-1	1,0500000E+4	1,1231207E+3
1,6975401E+2	7,9391901E-1	1,0500000E+4	1,1228691E+3
1,7076182E+2	8,0671911E-1	1,0500000E+4	1,1226150E+3
1,7177939E+2	8,0756848E-1	1,0500000E+4	1,1223603E+3
1,7279895E+2	7,9177325E-1	1,0500000E+4	1,1221106E+3
1,7380579E+2	7,8558926E-1	1,0500000E+4	1,1218665E+3
1,7482527E+2	7,9929833E-1	1,0500000E+4	1,1216362E+3
1,7583113E+2	8,0525880E-1	1,0500000E+4	1,1214047E+3
1,7684870E+2	7,9104309E-1	1,0500000E+4	1,1211637E+3
1,7785651E+2	7,8175967E-1	1,0500000E+4	1,1209221E+3
1,7887896E+2	7,9093878E-1	1,0500000E+4	1,1206837E+3
1,7988775E+2	8,0148880E-1	1,0500000E+4	1,1204459E+3
1,8090728E+2	7,9301004E-1	1,0500000E+4	1,1202137E+3
1,8191508E+2	7,7915196E-1	1,0500000E+4	1,1199802E+3
1,8292778E+2	7,8265374E-1	1,0500000E+4	1,1197480E+3
1,8394632E+2	7,9633300E-1	1,0500000E+4	1,1195234E+3
1,8495316E+2	7,9286103E-1	1,0500000E+4	1,1192818E+3
1,8597171E+2	7,7652936E-1	1,0500000E+4	1,1190602E+3
1,8697951E+2	7,7536707E-1	1,0500000E+4	1,1188399E+3
1,8800004E+2	7,8979139E-1	1,0500000E+4	1,1186246E+3
1,8900685E+2	7,9149013E-1	1,0500000E+4	1,1184006E+3
1,9002540E+2	7,7581410E-1	1,0500000E+4	1,1181822E+3
1,9103223E+2	7,7085202E-1	1,0500000E+4	1,1179725E+3
1,9205078E+2	7,8448658E-1	1,0500000E+4	1,1177653E+3
1,9305956E+2	7,9147522E-1	1,0500000E+4	1,1175663E+3
1,9407811E+2	7,7961390E-1	1,0500000E+4	1,1173748E+3
1,9508691E+2	7,7061360E-1	1,0500000E+4	1,1171752E+3
1,9610642E+2	7,8143184E-1	1,0500000E+4	1,1169899E+3
1,9711326E+2	7,9262261E-1	1,0500000E+4	1,1167984E+3
1,9812985E+2	7,8706448E-1	1,0500000E+4	1,1166169E+3
1,9914743E+2	7,7302759E-1	1,0500000E+4	1,1164360E+3
2,0015621E+2	7,7728932E-1	1,0500000E+4	1,1162608E+3
2,0117578E+2	7,9165404E-1	1,0500000E+4	1,1160881E+3
2,0218550E+2	7,8898673E-1	1,0500000E+4	1,1159110E+3
2,0319526E+2	7,7439849E-1	1,0500000E+4	1,1157376E+3
2,0421283E+2	7,7387695E-1	1,0500000E+4	1,1155655E+3
2,0522162E+2	7,8697507E-1	1,0500000E+4	1,1153909E+3
2,0624114E+2	7,8950827E-1	1,0500000E+4	1,1152219E+3
2,0724896E+2	7,7675288E-1	1,0500000E+4	1,1150492E+3
2,0826848E+2	7,7034538E-1	1,0500000E+4	1,1148896E+3
2,0927924E+2	7,8223650E-1	1,0500000E+4	1,1147350E+3
2,1029679E+2	7,9210107E-1	1,0500000E+4	1,1145773E+3
2,1130460E+2	7,8228121E-1	1,0500000E+4	1,1144283E+3
2,1232418E+2	7,7067320E-1	1,0500000E+4	1,1142643E+3
2,1333486E+2	7,7882414E-1	1,0500000E+4	1,1141016E+3
2,1435243E+2	7,9330807E-1	1,0500000E+4	1,1139420E+3
2,1535932E+2	7,8746681E-1	1,0500000E+4	1,1137925E+3
2,1637781E+2	7,7375774E-1	1,0500000E+4	1,1136385E+3
2,1738855E+2	7,7858572E-1	1,0500000E+4	1,1134914E+3
2,1839935E+2	7,9193716E-1	1,0500000E+4	1,1133418E+3
2,1941882E+2	7,8959768E-1	1,0500000E+4	1,1131904E+3
2,2042662E+2	7,7560549E-1	1,0500000E+4	1,1130402E+3
2,2144616E+2	7,7231233E-1	1,0500000E+4	1,1128919E+3
2,2245298E+2	7,8625982E-1	1,0500000E+4	1,1127398E+3
2,2346469E+2	7,8849499E-1	1,0500000E+4	1,1125877E+3
2,2448426E+2	7,7520315E-1	1,0500000E+4	1,1124394E+3
2,2550082E+2	7,6718633E-1	1,0500000E+4	1,1122848E+3
2,2650765E+2	7,7839200E-1	1,0500000E+4	1,1121327E+3
2,2752620E+2	7,8645353E-1	1,0500000E+4	1,1119756E+3
2,2853401E+2	7,7567999E-1	1,0500000E+4	1,1118279E+3
2,2955256E+2	7,6323752E-1	1,0500000E+4	1,1116683E+3
2,3056134E+2	7,7079241E-1	1,0500000E+4	1,1115144E+3
2,3158092E+2	7,8381603E-1	1,0500000E+4	1,1113635E+3
2,3259063E+2	7,7769165E-1	1,0500000E+4	1,1112127E+3
2,3361019E+2	7,6234345E-1	1,0500000E+4	1,1110562E+3
2,3461796E+2	7,6526408E-1	1,0500000E+4	1,1109129E+3
2,3563657E+2	7,7988212E-1	1,0500000E+4	1,1107734E+3
2,3664437E+2	7,7874963E-1	1,0500000E+4	1,1106188E+3
2,3766293E+2	7,6295440E-1	1,0500000E+4	1,1104773E+3
2,3867073E+2	7,6103215E-1	1,0500000E+4	1,1103409E+3
2,3969021E+2	7,7648465E-1	1,0500000E+4	1,1102045E+3
2,4069606E+2	7,8038876E-1	1,0500000E+4	1,1100649E+3
2,4171461E+2	7,6763336E-1	1,0500000E+4	1,1099372E+3
2,4273218E+2	7,5997417E-1	1,0500000E+4	1,1098133E+3
2,4374004E+2	7,7429418E-1	1,0500000E+4	1,1096963E+3
2,4476831E+2	7,8161065E-1	1,0500000E+4	1,1095742E+3
2,4576733E+2	7,7155237E-1	1,0500000E+4	1,1094547E+3
2,4678492E+2	7,5915460E-1	1,0500000E+4	1,1093339E+3
2,4779173E+2	7,6764827E-1	1,0500000E+4	1,1092231E+3
2,4880932E+2	7,8016524E-1	1,0500000E+4	1,1091011E+3
2,4981711E+2	7,7290838E-1	1,0500000E+4	1,1089797E+3
2,5092755E+2	7,6006357E-1	1,0500000E+4	1,1088614E+3
2,5185032E+2	7,6414649E-1	1,0500000E+4	1,1087400E+3
2,5286007E+2	7,7797477E-1	1,0500000E+4	1,1086211E+3
2,5387572E+2	7,7638035E-1	1,0500000E+4	1,1085022E+3
2,5489034E+2	7,6076393E-1	1,0500000E+4	1,1083864E+3
2,5589911E+2	7,6095764E-1	1,0500000E+4	1,1082681E+3
2,5693134E+2	7,7559059E-1	1,0500000E+4	1,1081573E+3
2,5792938E+2	7,7764695E-1	1,0500000E+4	1,1080384E+3
2,5893719E+2	7,6514487E-1	1,0500000E+4	1,1079245E+3
2,5995574E+2	7,6030199E-1	1,0500000E+4	1,1078125E+3
2,6096354E+2	7,7299778E-1	1,0500000E+4	1,1076998E+3
2,6198502E+2	7,8041856E-1	1,0500000E+4	1,1075872E+3
2,6299088E+2	7,6889996E-1	1,0500000E+4	1,1074808E+3
2,6400747E+2	7,5910990E-1	1,0500000E+4	1,1073712E+3
2,6501727E+2	7,6943641E-1	1,0500000E+4	1,1072617E+3
2,6603386E+2	7,8010564E-1	1,0500000E+4	1,1071572E+3
2,6705531E+2	7,7183549E-1	1,0500000E+4	1,1070527E+3
2,6806312E+2	7,5946753E-1	1,0500000E+4	1,1069475E+3
2,6907972E+2	7,6533859E-1	1,0500000E+4	1,1068474E+3
2,7008850E+2	7,7833240E-1	1,0500000E+4	1,1067517E+3
2,7110803E+2	7,7539687E-1	1,0500000E+4	1,1066565E+3
2,7211489E+2	7,6080863E-1	1,0500000E+4	1,1065564E+3
2,7313151E+2	7,6125567E-1	1,0500000E+4	1,1064619E+3
2,7414322E+2	7,7447300E-1	1,0500000E+4	1,1063624E+3
2,7516172E+2	7,7658896E-1	1,0500000E+4	1,1062654E+3
2,7617149E+2	7,6189642E-1	1,0500000E+4	1,1061652E+3
2,7718905E+2	7,5665121E-1	1,0500000E+4	1,1060664E+3
2,7819686E+2	7,6900427E-1	1,0500000E+4	1,1059587E+3
2,7921544E+2	7,7585881E-1	1,0500000E+4	1,1058529E+3
2,8022322E+2	7,6398258E-1	1,0500000E+4	1,1057465E+3
2,8123982E+2	7,5478856E-1	1,0500000E+4	1,1056445E+3
2,8225153E+2	7,6352064E-1	1,0500000E+4	1,1055413E+3
2,8327008E+2	7,7493493E-1	1,0500000E+4	1,1054486E+3
2,8427887E+2	7,6556210E-1	1,0500000E+4	1,1053504E+3
2,8531109E+2	7,5343256E-1	1,0500000E+4	1,1052559E+3
2,8630815E+2	7,5986986E-1	1,0500000E+4	1,1051514E+3
2,8731791E+2	7,7411537E-1	1,0500000E+4	1,1050537E+3
2,8832865E+2	7,6898937E-1	1,0500000E+4	1,1049486E+3
2,8935013E+2	7,5408821E-1	1,0500000E+4	1,1048472E+3
2,9036188E+2	7,5629358E-1	1,0500000E+4	1,1047414E+3
2,9138239E+2	7,6997285E-1	1,0500000E+4	1,1046419E+3
2,9238820E+2	7,6937680E-1	1,0500000E+4	1,1045430E+3
2,9339699E+2	7,5586145E-1	1,0500000E+4	1,1044435E+3
2,9441554E+2	7,5274710E-1	1,0500000E+4	1,1043471E+3
2,9542432E+2	7,6586013E-1	1,0500000E+4	1,1042564E+3
2,9644393E+2	7,7104573E-1	1,0500000E+4	1,1041631E+3
2,9745263E+2	7,5812642E-1	1,0500000E+4	1,1040711E+3
2,9846923E+2	7,5034802E-1	1,0500000E+4	1,1039791E+3
2,9947804E+2	7,6156859E-1	1,0500000E+4	1,1038871E+3
3,0049656E+2	7,7122454E-1	1,0500000E+4	1,1037977E+3
3,0151415E+2	7,6125567E-1	1,0500000E+4	1,1037082E+3
3,0252005E+2	7,5013940E-1	1,0500000E+4	1,1036218E+3
3,0353956E+2	7,5791781E-1	1,0500000E+4	1,1035404E+3
3,0455123E+2	7,7141826E-1	1,0500000E+4	1,1034491E+3
3,0556006E+2	7,6560681E-1	1,0500000E+4	1,1033614E+3
3,0657857E+2	7,5101857E-1	1,0500000E+4	1,1032794E+3
3,0758833E+2	7,5367098E-1	1,0500000E+4	1,1031931E+3
3,0862152E+2	7,6967482E-1	1,0500000E+4	1,1031161E+3
3,0962740E+2	7,6866154E-1	1,0500000E+4	1,1030297E+3
3,1075530E+2	7,5341766E-1	1,0500000E+4	1,1029503E+3
3,1164397E+2	7,5121228E-1	1,0500000E+4	1,1028758E+3
3,1266059E+2	7,6663499E-1	1,0500000E+4	1,1027963E+3
3,1366936E+2	7,7086692E-1	1,0500000E+4	1,1027199E+3
3,1468888E+2	7,5629358E-1	1,0500000E+4	1,1026442E+3
3,1569669E+2	7,4973707E-1	1,0500000E+4	1,1025622E+3
3,1671524E+2	7,6362495E-1	1,0500000E+4	1,1024915E+3
3,1772207E+2	7,7095632E-1	1,0500000E+4	1,1024177E+3
3,1874062E+2	7,5884168E-1	1,0500000E+4	1,1023457E+3
3,1974843E+2	7,4872379E-1	1,0500000E+4	1,1022700E+3
3,2090272E+2	7,5748567E-1	1,0500000E+4	1,1021892E+3
3,2178260E+2	7,6982384E-1	1,0500000E+4	1,1021110E+3
3,2279041E+2	7,6313321E-1	1,0500000E+4	1,1020340E+3
3,2380995E+2	7,4854498E-1	1,0500000E+4	1,1019564E+3
3,2481579E+2	7,5320904E-1	1,0500000E+4	1,1018851E+3
3,2583728E+2	7,6749925E-1	1,0500000E+4	1,1018006E+3
3,2684605E+2	7,6588993E-1	1,0500000E+4	1,1017323E+3
3,2786655E+2	7,5052683E-1	1,0500000E+4	1,1016579E+3
3,2887632E+2	7,5143580E-1	1,0500000E+4	1,1015865E+3
3,2988315E+2	7,6571111E-1	1,0500000E+4	1,1015127E+3
3,3090272E+2	7,6705222E-1	1,0500000E+4	1,1014376E+3
3,3191048E+2	7,5474386E-1	1,0500000E+4	1,1013637E+3
3,3293295E+2	7,4957316E-1	1,0500000E+4	1,1012905E+3
3,3394172E+2	7,6302891E-1	1,0500000E+4	1,1012154E+3
3,3495154E+2	7,6878075E-1	1,0500000E+4	1,1011309E+3
3,3597107E+2	7,5563793E-1	1,0500000E+4	1,1010558E+3
3,3784702E+2	7,4906652E-1	1,0500000E+4	1,1009294E+3
3,3851016E+2	7,6398258E-1	1,0500000E+4	1,1008487E+3
3,3952177E+2	7,6550250E-1	1,0500000E+4	1,1007710E+3
3,4052958E+2	7,5246398E-1	1,0500000E+4	1,1006859E+3
3,4155008E+2	7,4741249E-1	1,0500000E+4	1,1006033E+3
3,4256180E+2	7,6164310E-1	1,0500000E+4	1,1005288E+3
3,4357058E+2	7,6718633E-1	1,0500000E+4	1,1004525E+3
3,4459013E+2	7,5614457E-1	1,0500000E+4	1,1003699E+3
3,4560768E+2	7,4595217E-1	1,0500000E+4	1,1002985E+3
3,4661744E+2	7,5659160E-1	1,0500000E+4	1,1002222E+3
3,4762723E+2	7,6681380E-1	1,0500000E+4	1,1001490E+3
3,4863697E+2	7,5909500E-1	1,0500000E+4	1,1000782E+3
3,4965845E+2	7,4607138E-1	1,0500000E+4	1,1000044E+3
3,5066725E+2	7,5376038E-1	1,0500000E+4	1,0999287E+3
3,5167894E+2	7,6626246E-1	1,0500000E+4	1,0998561E+3
3,5269752E+2	7,6088314E-1	1,0500000E+4	1,0997897E+3
3,5370534E+2	7,4809794E-1	1,0500000E+4	1,0997190E+3
3,5472483E+2	7,5042252E-1	1,0500000E+4	1,0996476E+3
3,5573361E+2	7,6442961E-1	1,0500000E+4	1,0995851E+3
3,5675411E+2	7,6493625E-1	1,0500000E+4	1,0995225E+3
3,5781954E+2	7,4978177E-1	1,0500000E+4	1,0994549E+3
3,6018183E+2	7,6001887E-1	1,0500000E+4	1,0993291E+3
3,6081272E+2	7,6699261E-1	1,0500000E+4	1,0992615E+3
3,6182050E+2	7,5596575E-1	1,0500000E+4	1,0991964E+3
3,6284100E+2	7,4616079E-1	1,0500000E+4	1,0991301E+3
3,6384783E+2	7,5583164E-1	1,0500000E+4	1,0990725E+3
3,6486742E+2	7,6724593E-1	1,0500000E+4	1,0990118E+3
3,6587522E+2	7,5843935E-1	1,0500000E+4	1,0989573E+3
3,6689377E+2	7,4560945E-1	1,0500000E+4	1,0988916E+3
3,6791232E+2	7,5224046E-1	1,0500000E+4	1,0988353E+3
3,6891816E+2	7,6569621E-1	1,0500000E+4	1,0987783E+3
3,6993675E+2	7,6092784E-1	1,0500000E+4	1,0987170E+3
3,7094355E+2	7,4668233E-1	1,0500000E+4	1,0986638E+3
3,7196205E+2	7,4836616E-1	1,0500000E+4	1,0986100E+3
3,7297181E+2	7,6271598E-1	1,0500000E+4	1,0985499E+3
3,7398743E+2	7,6229875E-1	1,0500000E+4	1,0985023E+3
3,7499625E+2	7,4829166E-1	1,0500000E+4	1,0984441E+3
3,7708415E+2	7,5790291E-1	1,0500000E+4	1,0983334E+3
3,7805089E+2	7,6577072E-1	1,0500000E+4	1,0982827E+3
3,7906754E+2	7,5331335E-1	1,0500000E+4	1,0982301E+3
3,8007530E+2	7,4459617E-1	1,0500000E+4	1,0981794E+3
3,8109385E+2	7,5559323E-1	1,0500000E+4	1,0981262E+3
3,8210171E+2	7,6611345E-1	1,0500000E+4	1,0980793E+3
3,8311730E+2	7,5627868E-1	1,0500000E+4	1,0980286E+3
3,8412514E+2	7,4528162E-1	1,0500000E+4	1,0979773E+3
3,8514754E+2	7,5255339E-1	1,0500000E+4	1,0979266E+3
3,8615437E+2	7,6583032E-1	1,0500000E+4	1,0978790E+3
3,8717493E+2	7,6080863E-1	1,0500000E+4	1,0978289E+3
3,8818270E+2	7,4741249E-1	1,0500000E+4	1,0977901E+3
3,8920129E+2	7,4893241E-1	1,0500000E+4	1,0977407E+3
3,9021105E+2	7,6405709E-1	1,0500000E+4	1,0977000E+3
3,9122178E+2	7,6410179E-1	1,0500000E+4	1,0976493E+3
3,9224034E+2	7,5042252E-1	1,0500000E+4	1,0976036E+3
3,9325693E+2	7,4547534E-1	1,0500000E+4	1,0975554E+3
3,9426767E+2	7,6141958E-1	1,0500000E+4	1,0975104E+3
3,9527353E+2	7,6448922E-1	1,0500000E+4	1,0974547E+3
3,9629110E+2	7,5243418E-1	1,0500000E+4	1,0974077E+3
3,9731154E+2	7,4425344E-1	1,0500000E+4	1,0973627E+3
3,9831941E+2	7,5747077E-1	1,0500000E+4	1,0973164E+3
3,9932914E+2	7,6638167E-1	1,0500000E+4	1,0972669E+3
4,0034571E+2	7,5688963E-1	1,0500000E+4	1,0972225E+3
4,0136621E+2	7,4458127E-1	1,0500000E+4	1,0971780E+3
4,0237402E+2	7,5560813E-1	1,0500000E+4	1,0971292E+3
4,0338183E+2	7,6694791E-1	1,0500000E+4	1,0970873E+3
4,0440038E+2	7,5930362E-1	1,0500000E+4	1,0970404E+3
4,0540916E+2	7,4641411E-1	1,0500000E+4	1,0969909E+3
4,0642967E+2	7,5219576E-1	1,0500000E+4	1,0969415E+3
4,0743747E+2	7,6545779E-1	1,0500000E+4	1,0968970E+3
4,0845605E+2	7,6206033E-1	1,0500000E+4	1,0968564E+3
4,0946385E+2	7,4814264E-1	1,0500000E+4	1,0968176E+3
4,1048146E+2	7,4701016E-1	1,0500000E+4	1,0967775E+3
4,1150001E+2	7,6282029E-1	1,0500000E+4	1,0967337E+3
4,1250880E+2	7,6580052E-1	1,0500000E+4	1,0966974E+3
4,1352735E+2	7,5025861E-1	1,0500000E+4	1,0966573E+3
4,1453418E+2	7,4596707E-1	1,0500000E+4	1,0966167E+3
4,1555371E+2	7,5899069E-1	1,0500000E+4	1,0965766E+3
4,1656444E+2	7,6575582E-1	1,0500000E+4	1,0965322E+3
4,1757225E+2	7,5484817E-1	1,0500000E+4	1,0964934E+3
4,1859470E+2	7,4467067E-1	1,0500000E+4	1,0964496E+3
4,1960344E+2	7,5744097E-1	1,0500000E+4	1,0964151E+3
4,2061222E+2	7,6588993E-1	1,0500000E+4	1,0963701E+3
4,2163077E+2	7,5827543E-1	1,0500000E+4	1,0963313E+3
4,2264932E+2	7,4477498E-1	1,0500000E+4	1,0962906E+3
4,2365615E+2	7,5106327E-1	1,0500000E+4	1,0962505E+3
4,2467471E+2	7,6560681E-1	1,0500000E+4	1,0962067E+3
4,2568256E+2	7,5992946E-1	1,0500000E+4	1,0961648E+3
4,2669920E+2	7,4525182E-1	1,0500000E+4	1,0961247E+3
4,2770795E+2	7,4812774E-1	1,0500000E+4	1,0960847E+3
4,2872650E+2	7,6331203E-1	1,0500000E+4	1,0960378E+3
4,2973333E+2	7,6220934E-1	1,0500000E+4	1,0959977E+3
4,3075285E+2	7,4671213E-1	1,0500000E+4	1,0959558E+3
4,3176066E+2	7,4537103E-1	1,0500000E+4	1,0959151E+3
4,3277921E+2	7,5946753E-1	1,0500000E+4	1,0958782E+3
4,3379771E+2	7,6353555E-1	1,0500000E+4	1,0958337E+3
4,3480454E+2	7,5046723E-1	1,0500000E+4	1,0957993E+3
4,3582217E+2	7,4349348E-1	1,0500000E+4	1,0957599E+3
4,3683290E+2	7,5760488E-1	1,0500000E+4	1,0957186E+3
4,3784267E+2	7,6405709E-1	1,0500000E+4	1,0956779E+3
4,3886221E+2	7,5246398E-1	1,0500000E+4	1,0956366E+3
4,3987099E+2	7,4340408E-1	1,0500000E+4	1,0955984E+3
4,4089142E+2	7,5368588E-1	1,0500000E+4	1,0955602E+3
4,4189928E+2	7,6489155E-1	1,0500000E+4	1,0955277E+3
4,4291881E+2	7,5662141E-1	1,0500000E+4	1,0954883E+3
4,4392663E+2	7,4449186E-1	1,0500000E+4	1,0954538E+3
4,4494609E+2	7,4996059E-1	1,0500000E+4	1,0954175E+3
4,4595298E+2	7,6317792E-1	1,0500000E+4	1,0953819E+3
4,4697343E+2	7,6003377E-1	1,0500000E+4	1,0953512E+3
4,4798227E+2	7,4626510E-1	1,0500000E+4	1,0953118E+3
4,4900082E+2	7,4645881E-1	1,0500000E+4	1,0952780E+3
4,5000862E+2	7,6131527E-1	1,0500000E+4	1,0952417E+3
4,5102224E+2	7,6299910E-1	1,0500000E+4	1,0952066E+3
4,5204183E+2	7,4718897E-1	1,0500000E+4	1,0951766E+3
4,5305061E+2	7,4480478E-1	1,0500000E+4	1,0951347E+3
4,5405841E+2	7,5806682E-1	1,0500000E+4	1,0951040E+3
4,5507691E+2	7,6414649E-1	1,0500000E+4	1,0950658E+3
4,5609556E+2	7,5054173E-1	1,0500000E+4	1,0950326E+3
4,5710335E+2	7,4310605E-1	1,0500000E+4	1,0950001E+3
4,5812089E+2	7,5596575E-1	1,0500000E+4	1,0949650E+3
4,5912968E+2	7,6545779E-1	1,0500000E+4	1,0949331E+3
4,6014822E+2	7,5469916E-1	1,0500000E+4	1,0949037E+3
4,6115701E+2	7,4376170E-1	1,0500000E+4	1,0948730E+3
4,6217361E+2	7,5332825E-1	1,0500000E+4	1,0948411E+3
4,6318234E+2	7,6465313E-1	1,0500000E+4	1,0948111E+3
4,6420089E+2	7,5674062E-1	1,0500000E+4	1,0947754E+3
4,6520772E+2	7,4464087E-1	1,0500000E+4	1,0947479E+3
4,6622822E+2	7,4994569E-1	1,0500000E+4	1,0947160E+3
4,6723607E+2	7,6305871E-1	1,0500000E+4	1,0946884E+3
4,6825458E+2	7,6010828E-1	1,0500000E+4	1,0946534E+3
4,6926239E+2	7,4633960E-1	1,0500000E+4	1,0946246E+3
4,7028094E+2	7,4666743E-1	1,0500000E+4	1,0945902E+3
4,7129168E+2	7,6214974E-1	1,0500000E+4	1,0945620E+3
4,7230046E+2	7,6359515E-1	1,0500000E+4	1,0945313E+3
4,7332292E+2	7,4906652E-1	1,0500000E+4	1,0945025E+3
4,7433271E+2	7,4444716E-1	1,0500000E+4	1,0944656E+3
4,7534927E+2	7,5915460E-1	1,0500000E+4	1,0944350E+3
4,7635709E+2	7,6565151E-1	1,0500000E+4	1,0944074E+3
4,7737563E+2	7,5167422E-1	1,0500000E+4	1,0943736E+3
4,7838344E+2	7,4405973E-1	1,0500000E+4	1,0943455E+3
4,7940107E+2	7,5647239E-1	1,0500000E+4	1,0943185E+3
4,8040986E+2	7,6577072E-1	1,0500000E+4	1,0942866E+3
4,8142840E+2	7,5508659E-1	1,0500000E+4	1,0942516E+3
4,8243914E+2	7,4347858E-1	1,0500000E+4	1,0942272E+3
4,8345081E+2	7,5121228E-1	1,0500000E+4	1,0941915E+3
4,8446850E+2	7,6402728E-1	1,0500000E+4	1,0941627E+3
4,8548698E+2	7,5873737E-1	1,0500000E+4	1,0941289E+3
4,8649670E+2	7,4374680E-1	1,0500000E+4	1,0941020E+3
4,8750459E+2	7,4768071E-1	1,0500000E+4	1,0940701E+3
4,8852206E+2	7,6262657E-1	1,0500000E+4	1,0940438E+3
4,8953091E+2	7,6057021E-1	1,0500000E+4	1,0940200E+3
4,9054944E+2	7,4641411E-1	1,0500000E+4	1,0939868E+3
4,9156703E+2	7,4476008E-1	1,0500000E+4	1,0939587E+3
4,9257479E+2	7,5875227E-1	1,0500000E+4	1,0939368E+3
4,9359433E+2	7,6203053E-1	1,0500000E+4	1,0939092E+3
4,9460120E+2	7,4981157E-1	1,0500000E+4	1,0938842E+3
4,9562072E+2	7,4365739E-1	1,0500000E+4	1,0938573E+3
4,9662755E+2	7,5633828E-1	1,0500000E+4	1,0938298E+3
4,9764610E+2	7,6366966E-1	1,0500000E+4	1,0938091E+3
4,9865386E+2	7,5289612E-1	1,0500000E+4	1,0937853E+3
4,9967436E+2	7,4283783E-1	1,0500000E+4	1,0937584E+3
5,0068314E+2	7,5300042E-1	1,0500000E+4	1,0937290E+3
5,0170171E+2	7,6472764E-1	1,0500000E+4	1,0937083E+3
5,0271145E+2	7,5513129E-1	1,0500000E+4	1,0936914E+3
5,0372223E+2	7,4365739E-1	1,0500000E+4	1,0936670E+3
5,0473883E+2	7,5252359E-1	1,0500000E+4	1,0936451E+3
5,0574562E+2	7,6505546E-1	1,0500000E+4	1,0936245E+3
5,0675930E+2	7,5936322E-1	1,0500000E+4	1,0936045E+3
5,0777692E+2	7,4608628E-1	1,0500000E+4	1,0935813E+3
5,0879644E+2	7,4873869E-1	1,0500000E+4	1,0935644E+3
5,0980621E+2	7,6393788E-1	1,0500000E+4	1,0935419E+3
5,1081401E+2	7,6358025E-1	1,0500000E+4	1,0935193E+3
5,1183348E+2	7,4762110E-1	1,0500000E+4	1,0934993E+3
5,1284134E+2	7,4698035E-1	1,0500000E+4	1,0934805E+3
5,1386279E+2	7,6171760E-1	1,0500000E+4	1,0934599E+3
5,1487253E+2	7,6584523E-1	1,0500000E+4	1,0934367E+3
5,1589109E+2	7,5128679E-1	1,0500000E+4	1,0934142E+3
5,1689694E+2	7,4607138E-1	1,0500000E+4	1,0933992E+3
5,1791451E+2	7,6082353E-1	1,0500000E+4	1,0933754E+3
5,1892329E+2	7,6752906E-1	1,0500000E+4	1,0933585E+3
5,1994184E+2	7,5486307E-1	1,0500000E+4	1,0933353E+3
5,2095067E+2	7,4659292E-1	1,0500000E+4	1,0933122E+3
5,2196918E+2	7,5739627E-1	1,0500000E+4	1,0932984E+3
5,2297796E+2	7,6802079E-1	1,0500000E+4	1,0932696E+3
5,2399652E+2	7,5867777E-1	1,0500000E+4	1,0932527E+3
5,2500432E+2	7,4703996E-1	1,0500000E+4	1,0932314E+3
5,2602287E+2	7,5440113E-1	1,0500000E+4	1,0932145E+3
5,2703263E+2	7,6767807E-1	1,0500000E+4	1,0931939E+3
5,2805021E+2	7,6261167E-1	1,0500000E+4	1,0931764E+3
5,2905899E+2	7,4931984E-1	1,0500000E+4	1,0931607E+3
5,3007658E+2	7,5259809E-1	1,0500000E+4	1,0931419E+3
5,3108448E+2	7,6694791E-1	1,0500000E+4	1,0931244E+3
5,3210195E+2	7,6530878E-1	1,0500000E+4	1,0931082E+3
5,3311269E+2	7,5215106E-1	1,0500000E+4	1,0930950E+3
5,3413026E+2	7,5007980E-1	1,0500000E+4	1,0930750E+3
5,3513807E+2	7,6353555E-1	1,0500000E+4	1,0930618E+3
5,3615662E+2	7,6670949E-1	1,0500000E+4	1,0930449E+3
5,3716442E+2	7,5361137E-1	1,0500000E+4	1,0930305E+3
5,3818297E+2	7,4706976E-1	1,0500000E+4	1,0930143E+3
5,3919176E+2	7,6080863E-1	1,0500000E+4	1,0929961E+3
5,4020543E+2	7,6775257E-1	1,0500000E+4	1,0929811E+3
5,4122300E+2	7,5659160E-1	1,0500000E+4	1,0929611E+3
5,4224057E+2	7,4528162E-1	1,0500000E+4	1,0929373E+3
5,4324838E+2	7,5617437E-1	1,0500000E+4	1,0929185E+3
5,4426010E+2	7,6621775E-1	1,0500000E+4	1,0928947E+3
5,4528060E+2	7,5696413E-1	1,0500000E+4	1,0928728E+3
5,4628645E+2	7,4525182E-1	1,0500000E+4	1,0928528E+3
5,4730500E+2	7,5188284E-1	1,0500000E+4	1,0928309E+3
5,4831282E+2	7,6450412E-1	1,0500000E+4	1,0928096E+3
5,4933136E+2	7,5918441E-1	1,0500000E+4	1,0927896E+3
5,5034015E+2	7,4596707E-1	1,0500000E+4	1,0927658E+3
5,5135869E+2	7,4839596E-1	1,0500000E+4	1,0927445E+3
5,5236650E+2	7,6179211E-1	1,0500000E+4	1,0927208E+3
5,5338310E+2	7,6197092E-1	1,0500000E+4	1,0927014E+3
5,5440263E+2	7,4668233E-1	1,0500000E+4	1,0926788E+3
5,5541239E+2	7,4416403E-1	1,0500000E+4	1,0926651E+3
5,5643094E+2	7,5943773E-1	1,0500000E+4	1,0926431E+3
5,5743875E+2	7,6435511E-1	1,0500000E+4	1,0926225E+3
5,5845534E+2	7,4969237E-1	1,0500000E+4	1,0926050E+3
5,5946315E+2	7,4355309E-1	1,0500000E+4	1,0925862E+3
5,6047975E+2	7,5782840E-1	1,0500000E+4	1,0925680E+3
5,6148853E+2	7,6505546E-1	1,0500000E+4	1,0925493E+3
5,6250513E+2	7,5455014E-1	1,0500000E+4	1,0925336E+3
5,6352270E+2	7,4404483E-1	1,0500000E+4	1,0925080E+3
5,6453051E+2	7,5344746E-1	1,0500000E+4	1,0924917E+3
5,6555004E+2	7,6594953E-1	1,0500000E+4	1,0924717E+3
5,6655784E+2	7,5764959E-1	1,0500000E+4	1,0924535E+3
5,6757054E+2	7,4552004E-1	1,0500000E+4	1,0924291E+3
5,6858811E+2	7,5304513E-1	1,0500000E+4	1,0924116E+3
5,6959689E+2	7,6566641E-1	1,0500000E+4	1,0923916E+3
5,7061740E+2	7,6197092E-1	1,0500000E+4	1,0923722E+3
5,7162521E+2	7,4817245E-1	1,0500000E+4	1,0923515E+3
5,7264473E+2	7,5015430E-1	1,0500000E+4	1,0923315E+3
5,7365461E+2	7,6465313E-1	1,0500000E+4	1,0923133E+3
5,7467216E+2	7,6507036E-1	1,0500000E+4	1,0922933E+3
5,7567895E+2	7,5149541E-1	1,0500000E+4	1,0922764E+3
5,7669848E+2	7,4820225E-1	1,0500000E+4	1,0922551E+3
5,7770731E+2	7,6180701E-1	1,0500000E+4	1,0922357E+3
5,7872582E+2	7,6699261E-1	1,0500000E+4	1,0922169E+3
5,7973460E+2	7,5408821E-1	1,0500000E+4	1,0922013E+3
5,8075309E+2	7,4721877E-1	1,0500000E+4	1,0921831E+3
5,8176096E+2	7,5830524E-1	1,0500000E+4	1,0921644E+3
5,8278149E+2	7,6770787E-1	1,0500000E+4	1,0921506E+3
5,8379025E+2	7,5569753E-1	1,0500000E+4	1,0921331E+3
5,8480001E+2	7,4711446E-1	1,0500000E+4	1,0921193E+3
5,8581954E+2	7,5764959E-1	1,0500000E+4	1,0921030E+3
5,8682735E+2	7,6816981E-1	1,0500000E+4	1,0920937E+3
5,8784589E+2	7,5946753E-1	1,0500000E+4	1,0920774E+3
5,8885272E+2	7,4727838E-1	1,0500000E+4	1,0920636E+3
5,8987322E+2	7,5475876E-1	1,0500000E+4	1,0920467E+3
5,9087908E+2	7,6723103E-1	1,0500000E+4	1,0920323E+3
5,9189855E+2	7,6246266E-1	1,0500000E+4	1,0920154E+3
5,9290743E+2	7,4954335E-1	1,0500000E+4	1,0919991E+3
5,9392692E+2	7,5313453E-1	1,0500000E+4	1,0919816E+3
5,9493472E+2	7,6633696E-1	1,0500000E+4	1,0919591E+3
5,9595425E+2	7,6679890E-1	1,0500000E+4	1,0919497E+3
5,9696499E+2	7,5329845E-1	1,0500000E+4	1,0919266E+3
5,9798256E+2	7,5142090E-1	1,0500000E+4	1,0919084E+3
5,9899135E+2	7,6544289E-1	1,0500000E+4	1,0919009E+3
6,0001005E+2	7,6992814E-1	1,0500000E+4	1,0918859E+3
6,0101673E+2	7,5799231E-1	1,0500000E+4	1,0918708E+3
6,0203625E+2	7,5113778E-1	1,0500000E+4	1,0918627E+3
6,0304791E+2	7,6574092E-1	1,0500000E+4	1,0918533E+3
6,0405583E+2	7,7381735E-1	1,0500000E+4	1,0918427E+3
6,0507433E+2	7,6194112E-1	1,0500000E+4	1,0918308E+3
6,0608410E+2	7,5319414E-1	1,0500000E+4	1,0918252E+3
6,0710460E+2	7,6392298E-1	1,0500000E+4	1,0918133E+3
6,0811142E+2	7,7398126E-1	1,0500000E+4	1,0918008E+3
6,0912997E+2	7,6441471E-1	1,0500000E+4	1,0917926E+3
6,1013680E+2	7,5237457E-1	1,0500000E+4	1,0917807E+3
6,1115731E+2	7,5915460E-1	1,0500000E+4	1,0917695E+3
6,1216409E+2	7,7120964E-1	1,0500000E+4	1,0917557E+3
6,1318462E+2	7,6583032E-1	1,0500000E+4	1,0917382E+3
6,1419239E+2	7,5262789E-1	1,0500000E+4	1,0917269E+3
6,1521290E+2	7,5441603E-1	1,0500000E+4	1,0917156E+3
6,1622076E+2	7,6988344E-1	1,0500000E+4	1,0917044E+3
6,1722954E+2	7,6831882E-1	1,0500000E+4	1,0916906E+3
6,1824810E+2	7,5453524E-1	1,0500000E+4	1,0916750E+3
6,1926664E+2	7,5180833E-1	1,0500000E+4	1,0916624E+3
6,2027348E+2	7,6499586E-1	1,0500000E+4	1,0916524E+3
6,2129398E+2	7,6900427E-1	1,0500000E+4	1,0916437E+3
6,2229983E+2	7,5629358E-1	1,0500000E+4	1,0916268E+3
6,2332034E+2	7,4897711E-1	1,0500000E+4	1,0916155E+3
6,2432912E+2	7,6344614E-1	1,0500000E+4	1,0916042E+3
6,2533888E+2	7,6991324E-1	1,0500000E+4	1,0915923E+3
6,2635743E+2	7,5778370E-1	1,0500000E+4	1,0915798E+3
6,2736915E+2	7,4870889E-1	1,0500000E+4	1,0915723E+3
6,2838672E+2	7,5894599E-1	1,0500000E+4	1,0915560E+3
6,2939643E+2	7,6942150E-1	1,0500000E+4	1,0915454E+3
6,3041595E+2	7,6024239E-1	1,0500000E+4	1,0915285E+3
6,3142284E+2	7,4800853E-1	1,0500000E+4	1,0915210E+3
6,3243354E+2	7,5447564E-1	1,0500000E+4	1,0915097E+3
6,3345115E+2	7,6824431E-1	1,0500000E+4	1,0914991E+3
6,3446091E+2	7,6292460E-1	1,0500000E+4	1,0914872E+3
6,3547849E+2	7,4769561E-1	1,0500000E+4	1,0914759E+3
6,3648624E+2	7,5186794E-1	1,0500000E+4	1,0914615E+3
6,3750479E+2	7,6752906E-1	1,0500000E+4	1,0914547E+3
6,3851357E+2	7,6508527E-1	1,0500000E+4	1,0914415E+3
6,3953115E+2	7,5158481E-1	1,0500000E+4	1,0914309E+3
6,4055073E+2	7,5012450E-1	1,0500000E+4	1,0914196E+3
6,4155751E+2	7,6389317E-1	1,0500000E+4	1,0914083E+3
6,4257606E+2	7,6702242E-1	1,0500000E+4	1,0913990E+3
6,4358582E+2	7,5194244E-1	1,0500000E+4	1,0913877E+3
6,4459558E+2	7,4774031E-1	1,0500000E+4	1,0913764E+3
6,4561608E+2	7,6203053E-1	1,0500000E+4	1,0913602E+3
6,4662497E+2	7,6773767E-1	1,0500000E+4	1,0913520E+3
6,4763470E+2	7,5566773E-1	1,0500000E+4	1,0913408E+3
6,4865319E+2	7,4741249E-1	1,0500000E+4	1,0913320E+3
6,4966098E+2	7,5833504E-1	1,0500000E+4	1,0913226E+3
6,5068056E+2	7,6833372E-1	1,0500000E+4	1,0913101E+3
6,5169125E+2	7,5963144E-1	1,0500000E+4	1,0912994E+3
6,5271078E+2	7,4660782E-1	1,0500000E+4	1,0912876E+3
6,5371858E+2	7,5326864E-1	1,0500000E+4	1,0912813E+3
6,5473811E+2	7,6687341E-1	1,0500000E+4	1,0912688E+3
6,5574592E+2	7,5945263E-1	1,0500000E+4	1,0912538E+3
6,5675666E+2	7,4651842E-1	1,0500000E+4	1,0912419E+3
6,5777325E+2	7,5192754E-1	1,0500000E+4	1,0912337E+3
6,5878301E+2	7,6499586E-1	1,0500000E+4	1,0912181E+3
6,5980157E+2	7,6083843E-1	1,0500000E+4	1,0912068E+3
6,6081035E+2	7,4699526E-1	1,0500000E+4	1,0911999E+3
6,6182792E+2	7,4642901E-1	1,0500000E+4	1,0911855E+3
6,6284550E+2	7,6259677E-1	1,0500000E+4	1,0911737E+3
6,6385332E+2	7,6434021E-1	1,0500000E+4	1,0911611E+3
6,6487381E+2	7,4829166E-1	1,0500000E+4	1,0911499E+3
6,6588064E+2	7,4462597E-1	1,0500000E+4	1,0911399E+3
6,6689821E+2	7,5972085E-1	1,0500000E+4	1,0911261E+3
6,6790504E+2	7,6437001E-1	1,0500000E+4	1,0911198E+3
6,6892359E+2	7,5055663E-1	1,0500000E+4	1,0911061E+3
6,6993238E+2	7,4340408E-1	1,0500000E+4	1,0910929E+3
6,7095093E+2	7,5653200E-1	1,0500000E+4	1,0910860E+3
6,7195971E+2	7,6445942E-1	1,0500000E+4	1,0910754E+3
6,7297631E+2	7,5472896E-1	1,0500000E+4	1,0910616E+3
6,7399486E+2	7,4262921E-1	1,0500000E+4	1,0910497E+3
6,7500462E+2	7,5088446E-1	1,0500000E+4	1,0910403E+3
6,7602219E+2	7,6335673E-1	1,0500000E+4	1,0910316E+3
6,7703002E+2	7,5696413E-1	1,0500000E+4	1,0910172E+3
6,7804953E+2	7,4179475E-1	1,0500000E+4	1,0910047E+3
6,7905636E+2	7,4619059E-1	1,0500000E+4	1,0909897E+3
6,8007592E+2	7,6092784E-1	1,0500000E+4	1,0909790E+3
6,8108471E+2	7,5565283E-1	1,0500000E+4	1,0909678E+3
6,8209444E+2	7,4195866E-1	1,0500000E+4	1,0909571E+3
6,8311298E+2	7,4386601E-1	1,0500000E+4	1,0909433E+3
6,8412079E+2	7,5793271E-1	1,0500000E+4	1,0909289E+3
6,8513936E+2	7,5876717E-1	1,0500000E+4	1,0909133E+3
6,8615594E+2	7,4285273E-1	1,0500000E+4	1,0909014E+3
6,8716375E+2	7,4014072E-1	1,0500000E+4	1,0908876E+3
6,8818425E+2	7,5504188E-1	1,0500000E+4	1,0908783E+3
6,8919401E+2	7,5869267E-1	1,0500000E+4	1,0908645E+3
6,9020182E+2	7,4581806E-1	1,0500000E+4	1,0908589E+3
6,9122037E+2	7,3936586E-1	1,0500000E+4	1,0908438E+3
6,9222915E+2	7,5235967E-1	1,0500000E+4	1,0908301E+3
6,9324770E+2	7,6060002E-1	1,0500000E+4	1,0908207E+3
6,9425649E+2	7,4929003E-1	1,0500000E+4	1,0908107E+3
6,9527406E+2	7,3976819E-1	1,0500000E+4	1,0908044E+3
6,9628285E+2	7,5042252E-1	1,0500000E+4	1,0907938E+3
6,9730042E+2	7,6186661E-1	1,0500000E+4	1,0907806E+3
6,9830920E+2	7,5288121E-1	1,0500000E+4	1,0907769E+3
6,9932681E+2	7,4067716E-1	1,0500000E+4	1,0907712E+3
7,0034533E+2	7,4745719E-1	1,0500000E+4	1,0907593E+3
7,0135320E+2	7,5994437E-1	1,0500000E+4	1,0907462E+3
7,0237169E+2	7,5529520E-1	1,0500000E+4	1,0907418E+3
7,0337949E+2	7,4213748E-1	1,0500000E+4	1,0907318E+3
7,0440000E+2	7,4434285E-1	1,0500000E+4	1,0907212E+3
7,0540976E+2	7,6012318E-1	1,0500000E+4	1,0907086E+3
7,0641854E+2	7,5910990E-1	1,0500000E+4	1,0906980E+3
7,0743905E+2	7,4358289E-1	1,0500000E+4	1,0906874E+3
7,0844490E+2	7,4276333E-1	1,0500000E+4	1,0906830E+3
7,0946443E+2	7,5951223E-1	1,0500000E+4	1,0906730E+3
7,1047126E+2	7,6201563E-1	1,0500000E+4	1,0906655E+3
7,1149274E+2	7,4853007E-1	1,0500000E+4	1,0906573E+3
7,1250350E+2	7,4419384E-1	1,0500000E+4	1,0906523E+3
7,1351129E+2	7,5657670E-1	1,0500000E+4	1,0906448E+3
7,1453184E+2	7,6384847E-1	1,0500000E+4	1,0906398E+3
7,1553862E+2	7,5274710E-1	1,0500000E+4	1,0906354E+3
7,1655815E+2	7,4365739E-1	1,0500000E+4	1,0906235E+3
7,1756595E+2	7,5475876E-1	1,0500000E+4	1,0906210E+3
7,1858646E+2	7,6593463E-1	1,0500000E+4	1,0906135E+3
7,1959427E+2	7,5733666E-1	1,0500000E+4	1,0906104E+3
7,2061477E+2	7,4495380E-1	1,0500000E+4	1,0906048E+3
7,2162551E+2	7,5413291E-1	1,0500000E+4	1,0905985E+3
7,2263331E+2	7,6621775E-1	1,0500000E+4	1,0905929E+3
7,2365186E+2	7,5958674E-1	1,0500000E+4	1,0905879E+3
7,2466168E+2	7,4669723E-1	1,0500000E+4	1,0905803E+3
7,2568219E+2	7,5046723E-1	1,0500000E+4	1,0905747E+3
7,2669195E+2	7,6583032E-1	1,0500000E+4	1,0905678E+3
7,2770171E+2	7,6328223E-1	1,0500000E+4	1,0905641E+3
7,2872221E+2	7,4769561E-1	1,0500000E+4	1,0905609E+3
7,2973099E+2	7,4799363E-1	1,0500000E+4	1,0905534E+3
7,3074857E+2	7,6346104E-1	1,0500000E+4	1,0905484E+3
7,3175632E+2	7,6472764E-1	1,0500000E+4	1,0905459E+3
7,3277389E+2	7,4915592E-1	1,0500000E+4	1,0905359E+3
7,3378369E+2	7,4534123E-1	1,0500000E+4	1,0905290E+3
7,3480318E+2	7,5998907E-1	1,0500000E+4	1,0905228E+3
7,3581104E+2	7,6514487E-1	1,0500000E+4	1,0905159E+3
7,3683052E+2	7,5076525E-1	1,0500000E+4	1,0905046E+3
7,3783935E+2	7,4340408E-1	1,0500000E+4	1,0905034E+3
7,3885883E+2	7,5595085E-1	1,0500000E+4	1,0904959E+3
7,3986761E+2	7,6459353E-1	1,0500000E+4	1,0904902E+3
7,4087645E+2	7,5434153E-1	1,0500000E+4	1,0904765E+3
7,4189696E+2	7,4319546E-1	1,0500000E+4	1,0904721E+3
7,4290678E+2	7,5085466E-1	1,0500000E+4	1,0904671E+3
7,4392619E+2	7,6380377E-1	1,0500000E+4	1,0904583E+3
7,4493308E+2	7,5654690E-1	1,0500000E+4	1,0904483E+3
7,4595157E+2	7,4218218E-1	1,0500000E+4	1,0904402E+3
7,4695938E+2	7,4788932E-1	1,0500000E+4	1,0904389E+3
7,4797793E+2	7,6304381E-1	1,0500000E+4	1,0904258E+3
7,4898573E+2	7,5937812E-1	1,0500000E+4	1,0904176E+3
7,5000429E+2	7,4350838E-1	1,0500000E+4	1,0904151E+3
7,5101112E+2	7,4498360E-1	1,0500000E+4	1,0904070E+3
7,5203064E+2	7,6082353E-1	1,0500000E+4	1,0903964E+3
7,5303747E+2	7,5998907E-1	1,0500000E+4	1,0903926E+3
7,5405603E+2	7,4632470E-1	1,0500000E+4	1,0903876E+3
7,5507473E+2	7,4307625E-1	1,0500000E+4	1,0903807E+3
7,5608433E+2	7,5703864E-1	1,0500000E+4	1,0903688E+3
7,5710093E+2	7,6235835E-1	1,0500000E+4	1,0903632E+3
7,5810972E+2	7,4724857E-1	1,0500000E+4	1,0903638E+3
7,5911752E+2	7,4258451E-1	1,0500000E+4	1,0903494E+3
7,6013613E+2	7,5525050E-1	1,0500000E+4	1,0903450E+3
7,6115267E+2	7,6359515E-1	1,0500000E+4	1,0903425E+3
7,6216048E+2	7,5197224E-1	1,0500000E+4	1,0903306E+3
7,6317903E+2	7,4236099E-1	1,0500000E+4	1,0903225E+3
7,6418586E+2	7,5282161E-1	1,0500000E+4	1,0903200E+3
7,6520441E+2	7,6413159E-1	1,0500000E+4	1,0903131E+3
7,6621320E+2	7,5526540E-1	1,0500000E+4	1,0903062E+3
7,6723077E+2	7,4310605E-1	1,0500000E+4	1,0903044E+3
7,6824834E+2	7,5112288E-1	1,0500000E+4	1,0902937E+3
7,6925615E+2	7,6362495E-1	1,0500000E+4	1,0902900E+3
7,7027372E+2	7,5739627E-1	1,0500000E+4	1,0902831E+3
7,7128348E+2	7,4487929E-1	1,0500000E+4	1,0902762E+3
7,7230008E+2	7,4869399E-1	1,0500000E+4	1,0902737E+3
7,7330887E+2	7,6265638E-1	1,0500000E+4	1,0902662E+3
7,7432644E+2	7,6043610E-1	1,0500000E+4	1,0902612E+3
7,7533620E+2	7,4693565E-1	1,0500000E+4	1,0902549E+3
7,7635377E+2	7,4693565E-1	1,0500000E+4	1,0902499E+3
7,7736158E+2	7,6104705E-1	1,0500000E+4	1,0902468E+3
7,7837916E+2	7,6389317E-1	1,0500000E+4	1,0902368E+3
7,7939673E+2	7,4923043E-1	1,0500000E+4	1,0902355E+3
7,8040651E+2	7,4428324E-1	1,0500000E+4	1,0902286E+3
7,8142417E+2	7,5925891E-1	1,0500000E+4	1,0902224E+3
7,8243090E+2	7,6504056E-1	1,0500000E+4	1,0902199E+3
7,8344847E+2	7,5107817E-1	1,0500000E+4	1,0902117E+3
7,8445628E+2	7,4310605E-1	1,0500000E+4	1,0902061E+3
7,8547385E+2	7,5405841E-1	1,0500000E+4	1,0901992E+3
7,8649338E+2	7,6504056E-1	1,0500000E+4	1,0901904E+3
7,8749923E+2	7,5349216E-1	1,0500000E+4	1,0901873E+3
7,8850899E+2	7,4328487E-1	1,0500000E+4	1,0901804E+3
7,8952759E+2	7,5380509E-1	1,0500000E+4	1,0901729E+3
7,9053535E+2	7,6502566E-1	1,0500000E+4	1,0901717E+3
7,9155292E+2	7,5845425E-1	1,0500000E+4	1,0901667E+3
7,9257148E+2	7,4416403E-1	1,0500000E+4	1,0901642E+3
7,9358123E+2	7,4900691E-1	1,0500000E+4	1,0901573E+3
7,9459881E+2	7,6438491E-1	1,0500000E+4	1,0901579E+3
7,9560662E+2	7,6153879E-1	1,0500000E+4	1,0901485E+3
7,9662615E+2	7,4540083E-1	1,0500000E+4	1,0901479E+3
7,9763200E+2	7,4642901E-1	1,0500000E+4	1,0901454E+3
7,9865055E+2	7,6214974E-1	1,0500000E+4	1,0901385E+3
7,9966031E+2	7,6277559E-1	1,0500000E+4	1,0901329E+3
8,0068082E+2	7,4684624E-1	1,0500000E+4	1,0901304E+3
8,0168862E+2	7,4420874E-1	1,0500000E+4	1,0901241E+3
8,0270522E+2	7,5991456E-1	1,0500000E+4	1,0901185E+3
8,0371303E+2	7,6422100E-1	1,0500000E+4	1,0901141E+3
8,0473158E+2	7,4920063E-1	1,0500000E+4	1,0901091E+3
8,0574036E+2	7,4313585E-1	1,0500000E+4	1,0901041E+3
8,0675696E+2	7,5784330E-1	1,0500000E+4	1,0901003E+3
8,0776476E+2	7,6454882E-1	1,0500000E+4	1,0900928E+3
8,0878333E+2	7,5452034E-1	1,0500000E+4	1,0900891E+3
8,0980187E+2	7,4337427E-1	1,0500000E+4	1,0900847E+3
8,1080967E+2	7,5526540E-1	1,0500000E+4	1,0900772E+3
8,1181846E+2	7,6492135E-1	1,0500000E+4	1,0900790E+3
8,1283701E+2	7,5744097E-1	1,0500000E+4	1,0900772E+3
8,1385467E+2	7,4385111E-1	1,0500000E+4	1,0900709E+3
8,1486141E+2	7,5080995E-1	1,0500000E+4	1,0900672E+3
8,1587899E+2	7,6486175E-1	1,0500000E+4	1,0900621E+3
8,1688875E+2	7,6060002E-1	1,0500000E+4	1,0900584E+3
8,1790925E+2	7,4547534E-1	1,0500000E+4	1,0900546E+3
8,1891804E+2	7,4929003E-1	1,0500000E+4	1,0900528E+3
8,1992682E+2	7,6231365E-1	1,0500000E+4	1,0900503E+3
8,2094635E+2	7,6086824E-1	1,0500000E+4	1,0900427E+3
8,2195513E+2	7,4657802E-1	1,0500000E+4	1,0900409E+3
8,2297368E+2	7,4601178E-1	1,0500000E+4	1,0900340E+3
8,2398246E+2	7,5970595E-1	1,0500000E+4	1,0900302E+3
8,2500101E+2	7,6301400E-1	1,0500000E+4	1,0900233E+3
8,2600882E+2	7,4921553E-1	1,0500000E+4	1,0900233E+3
8,2702835E+2	7,4408953E-1	1,0500000E+4	1,0900146E+3
8,2803713E+2	7,5694923E-1	1,0500000E+4	1,0900133E+3
8,2905764E+2	7,6428060E-1	1,0500000E+4	1,0900121E+3
8,3006447E+2	7,5306003E-1	1,0500000E+4	1,0900021E+3
8,3108399E+2	7,4321036E-1	1,0500000E+4	1,0900033E+3
8,3209376E+2	7,5352196E-1	1,0500000E+4	1,0899939E+3
8,3311133E+2	7,6480214E-1	1,0500000E+4	1,0899964E+3
8,3412011E+2	7,5440113E-1	1,0500000E+4	1,0899908E+3
8,3512988E+2	7,4382131E-1	1,0500000E+4	1,0899870E+3
8,3614843E+2	7,5316434E-1	1,0500000E+4	1,0899808E+3
8,3715623E+2	7,6459353E-1	1,0500000E+4	1,0899783E+3
8,3817478E+2	7,5660650E-1	1,0500000E+4	1,0899764E+3
8,3918259E+2	7,4417894E-1	1,0500000E+4	1,0899764E+3
8,4020114E+2	7,4765091E-1	1,0500000E+4	1,0899708E+3
8,4121969E+2	7,6295440E-1	1,0500000E+4	1,0899620E+3
8,4222945E+2	7,6124077E-1	1,0500000E+4	1,0899651E+3
8,4324605E+2	7,4645881E-1	1,0500000E+4	1,0899576E+3
8,4425679E+2	7,4705486E-1	1,0500000E+4	1,0899526E+3
8,4526460E+2	7,6067452E-1	1,0500000E+4	1,0899507E+3
8,4628412E+2	7,6249246E-1	1,0500000E+4	1,0899470E+3
8,4729291E+2	7,4921553E-1	1,0500000E+4	1,0899439E+3
8,4831146E+2	7,4478988E-1	1,0500000E+4	1,0899445E+3
8,4932122E+2	7,5763468E-1	1,0500000E+4	1,0899364E+3
8,5034074E+2	7,6371436E-1	1,0500000E+4	1,0899326E+3
8,5135051E+2	7,5270240E-1	1,0500000E+4	1,0899320E+3
8,5236808E+2	7,4391071E-1	1,0500000E+4	1,0899270E+3
8,5337686E+2	7,5654690E-1	1,0500000E+4	1,0899232E+3
8,5438663E+2	7,6544289E-1	1,0500000E+4	1,0899226E+3
8,5540713E+2	7,5441603E-1	1,0500000E+4	1,0899188E+3
8,5641689E+2	7,4411933E-1	1,0500000E+4	1,0899088E+3
8,5743446E+2	7,5326864E-1	1,0500000E+4	1,0899119E+3
8,5844422E+2	7,6590483E-1	1,0500000E+4	1,0899094E+3
8,5945496E+2	7,5909500E-1	1,0500000E+4	1,0899019E+3
8,6047449E+2	7,4447696E-1	1,0500000E+4	1,0899013E+3
