#============================================================
# Created with Tensionmeter 1.0 on 30.4.2018, 9:02:30.
#============================================================
 0.000000E+0000 -8.936910E+0000
 4.840000E-0001 -8.927100E+0000
 7.190000E-0001 -8.927100E+0000
 9.690000E-0001 -8.917290E+0000
 1.204000E+0000 -8.897670E+0000
 1.438000E+0000 -8.505270E+0000
 1.563000E+0000 -7.053390E+0000
 1.673000E+0000 -6.572700E+0000
 1.798000E+0000 -6.141060E+0000
 1.923000E+0000 -6.229350E+0000
 2.156000E+0000 -6.101820E+0000
 2.281000E+0000 -3.237300E+0000
 2.392000E+0000  6.180300E-0001
 2.517000E+0000  5.532840E+0000
 2.642000E+0000  9.947340E+0000
 2.767000E+0000  1.360647E+0001
 2.875000E+0000  1.631403E+0001
 3.000000E+0000  1.828584E+0001
 3.125000E+0000  1.982601E+0001
 3.235000E+0000  2.104245E+0001
 3.360000E+0000  2.198421E+0001
 3.485000E+0000  2.269053E+0001
 3.594000E+0000  2.312217E+0001
 3.719000E+0000  2.333799E+0001
 3.844000E+0000  2.342628E+0001
 3.954000E+0000  2.345571E+0001
 4.204000E+0000  2.349495E+0001
 4.438000E+0000  2.373039E+0001
 4.563000E+0000  2.500569E+0001
 4.673000E+0000  2.580030E+0001
 4.798000E+0000  2.673225E+0001
 4.923000E+0000  2.736009E+0001
 5.031000E+0000  2.803698E+0001
 5.156000E+0000  2.866482E+0001
 5.281000E+0000  2.911608E+0001
 5.391000E+0000  2.943000E+0001
 5.517000E+0000  2.974392E+0001
 5.626000E+0000  3.004803E+0001
 5.750000E+0000  3.036195E+0001
 5.875000E+0000  3.073473E+0001
 5.985000E+0000  3.111732E+0001
 6.110000E+0000  3.143124E+0001
 6.235000E+0000  3.171573E+0001
 6.360000E+0000  3.200022E+0001
 6.470000E+0000  3.231414E+0001
 6.594000E+0000  3.262806E+0001
 6.719000E+0000  3.294198E+0001
 6.829000E+0000  3.326571E+0001
 6.954000E+0000  3.357963E+0001
 7.079000E+0000  3.384450E+0001
 7.189000E+0000  3.408975E+0001
 7.314000E+0000  3.433500E+0001
 7.422000E+0000  3.457044E+0001
 7.547000E+0000  3.473721E+0001
 7.672000E+0000  3.487455E+0001
 7.798000E+0000  3.504132E+0001
 7.907000E+0000  3.520809E+0001
 8.031000E+0000  3.535524E+0001
 8.141000E+0000  3.536505E+0001
 8.391000E+0000  3.531600E+0001
 8.626000E+0000  3.505113E+0001
 8.751000E+0000  3.342267E+0001
 8.859000E+0000  3.200022E+0001
 8.985000E+0000  3.060720E+0001
 9.110000E+0000  2.970468E+0001
 9.220000E+0000  2.891007E+0001
 9.345000E+0000  2.828223E+0001
 9.470000E+0000  2.784078E+0001
 9.578000E+0000  2.755629E+0001
 9.703000E+0000  2.725218E+0001
 9.828000E+0000  2.700693E+0001
 9.939000E+0000  2.680092E+0001
 1.006400E+0001  2.668320E+0001
 1.018900E+0001  2.656548E+0001
 1.029700E+0001  2.642814E+0001
 1.042200E+0001  2.606517E+0001
 1.062500E+0001  1.575486E+0001
 1.075000E+0001  8.760330E+0000
 1.086000E+0001  3.345210E+0000
 1.098500E+0001  1.167390E+0000
 1.111100E+0001  3.531600E-0001
 1.122000E+0001  5.886000E-0002
 1.134400E+0001 -1.962000E-0002
 1.157900E+0001 -4.905000E-0002
 1.182900E+0001 -4.905000E-0002

