#============================================================
# Created with Tensionmeter 1.0 on 30.4.2018, 9:02:30.
#============================================================
 0.000000E+0000 -1.749123E+0001
 2.350000E-0001 -1.747161E+0001
 4.690000E-0001 -1.745199E+0001
 7.190000E-0001 -1.743237E+0001
 9.540000E-0001 -1.737351E+0001
 1.187000E+0000 -1.727541E+0001
 1.438000E+0000 -1.640232E+0001
 1.548000E+0000 -9.339120E+0000
 1.673000E+0000 -4.816710E+0000
 1.798000E+0000 -3.924000E-0002
 1.906000E+0000  3.011670E+0000
 2.031000E+0000  5.935050E+0000
 2.156000E+0000  9.201780E+0000
 2.267000E+0000  1.234098E+0001
 2.392000E+0000  1.483272E+0001
 2.517000E+0000  1.637289E+0001
 2.625000E+0000  1.722636E+0001
 2.750000E+0000  1.765800E+0001
 2.875000E+0000  1.791306E+0001
 2.985000E+0000  1.820736E+0001
 3.110000E+0000  1.862919E+0001
 3.235000E+0000  1.957095E+0001
 3.344000E+0000  2.082663E+0001
 3.469000E+0000  2.195478E+0001
 3.594000E+0000  2.286711E+0001
 3.704000E+0000  2.376963E+0001
 3.829000E+0000  2.472120E+0001
 3.954000E+0000  2.570220E+0001
 4.062000E+0000  2.681073E+0001
 4.187000E+0000  2.811546E+0001
 4.312000E+0000  2.949867E+0001
 4.422000E+0000  3.081321E+0001
 4.548000E+0000  3.189231E+0001
 4.673000E+0000  3.273597E+0001
 4.781000E+0000  3.329514E+0001
 4.906000E+0000  3.362868E+0001
 5.031000E+0000  3.381507E+0001
 5.141000E+0000  3.392298E+0001
 5.266000E+0000  3.396222E+0001
 5.501000E+0000  3.397203E+0001
 5.750000E+0000  3.402108E+0001
 5.985000E+0000  3.412899E+0001
 6.110000E+0000  3.438405E+0001
 6.220000E+0000  3.440367E+0001
 6.470000E+0000  3.448215E+0001
 6.703000E+0000  3.453120E+0001
 6.938000E+0000  3.465873E+0001
 7.062000E+0000  3.504132E+0001
 7.189000E+0000  3.510999E+0001
 7.422000E+0000  3.509037E+0001
 7.657000E+0000  3.480588E+0001
 7.782000E+0000  3.388374E+0001
 7.906000E+0000  3.346191E+0001
 8.016000E+0000  3.295179E+0001
 8.141000E+0000  3.263787E+0001
 8.266000E+0000  3.219642E+0001
 8.376000E+0000  3.159801E+0001
 8.501000E+0000  3.073473E+0001
 8.626000E+0000  2.977335E+0001
 8.734000E+0000  2.894931E+0001
 8.859000E+0000  2.812527E+0001
 8.984000E+0000  2.732085E+0001
 9.095000E+0000  2.672244E+0001
 9.220000E+0000  2.425032E+0001
 9.407000E+0000  1.343970E+0001
 9.516000E+0000  7.053390E+0000
 9.641000E+0000  2.423070E+0000
 9.751000E+0000  8.436600E-0001
 9.876000E+0000  2.844900E-0001
 9.984000E+0000  7.848000E-0002
 1.010900E+0001  9.810000E-0003
 1.035900E+0001  0.000000E+0000
 1.059500E+0001  0.000000E+0000

