#============================================================
# Created with Tensionmeter 1.0 on 30.4.2018, 9:02:30.
#============================================================
 0.000000E+0000 -1.887444E+0001
 4.840000E-0001 -1.887444E+0001
 9.540000E-0001 -1.889406E+0001
 1.437000E+0000 -1.887444E+0001
 1.673000E+0000 -1.871748E+0001
 1.798000E+0000 -1.774629E+0001
 1.923000E+0000 -1.677510E+0001
 2.046000E+0000 -1.541151E+0001
 2.156000E+0000 -1.447956E+0001
 2.281000E+0000 -1.391058E+0001
 2.391000E+0000 -1.363590E+0001
 2.516000E+0000 -1.331217E+0001
 2.641000E+0000 -1.198782E+0001
 2.750000E+0000 -9.456840E+0000
 2.875000E+0000 -6.376500E+0000
 3.000000E+0000 -3.453120E+0000
 3.110000E+0000 -8.632800E-0001
 3.235000E+0000  1.412640E+0000
 3.360000E+0000  3.600270E+0000
 3.468000E+0000  5.738850E+0000
 3.593000E+0000  8.004960E+0000
 3.718000E+0000  1.032012E+0001
 3.844000E+0000  1.253718E+0001
 3.954000E+0000  1.477386E+0001
 4.079000E+0000  1.678491E+0001
 4.204000E+0000  1.858995E+0001
 4.312000E+0000  2.012031E+0001
 4.437000E+0000  2.131713E+0001
 4.562000E+0000  2.230794E+0001
 4.673000E+0000  2.316141E+0001
 4.798000E+0000  2.376963E+0001
 4.923000E+0000  2.411298E+0001
 5.031000E+0000  2.426994E+0001
 5.156000E+0000  2.431899E+0001
 5.391000E+0000  2.434842E+0001
 5.641000E+0000  2.443671E+0001
 5.875000E+0000  2.487816E+0001
 6.000000E+0000  2.713446E+0001
 6.110000E+0000  2.820375E+0001
 6.235000E+0000  2.943000E+0001
 6.360000E+0000  3.017556E+0001
 6.468000E+0000  3.093093E+0001
 6.593000E+0000  3.171573E+0001
 6.718000E+0000  3.243186E+0001
 6.828000E+0000  3.302046E+0001
 6.954000E+0000  3.345210E+0001
 7.079000E+0000  3.369735E+0001
 7.187000E+0000  3.381507E+0001
 7.312000E+0000  3.386412E+0001
 7.547000E+0000  3.388374E+0001
 7.782000E+0000  3.388374E+0001
 8.031000E+0000  3.389355E+0001
 8.266000E+0000  3.394260E+0001
 8.501000E+0000  3.407994E+0001
 8.626000E+0000  3.460968E+0001
 8.751000E+0000  3.489417E+0001
 8.859000E+0000  3.515904E+0001
 8.984000E+0000  3.523752E+0001
 9.235000E+0000  3.528657E+0001
 9.470000E+0000  3.532581E+0001
 9.703000E+0000  3.530619E+0001
 9.938000E+0000  3.512961E+0001
 1.006300E+0001  3.408975E+0001
 1.018800E+0001  3.335400E+0001
 1.029700E+0001  3.243186E+0001
 1.042200E+0001  3.171573E+0001
 1.054700E+0001  3.090150E+0001
 1.065700E+0001  2.997936E+0001
 1.078200E+0001  2.922399E+0001
 1.090700E+0001  2.871387E+0001
 1.101500E+0001  2.843919E+0001
 1.114000E+0001  2.831166E+0001
 1.126500E+0001  2.823318E+0001
 1.150100E+0001  2.820375E+0001
 1.175100E+0001  2.824299E+0001
 1.198400E+0001  2.827242E+0001
 1.221900E+0001  2.820375E+0001
 1.245400E+0001  2.810565E+0001
 1.270300E+0001  2.800755E+0001
 1.293800E+0001  2.785059E+0001
 1.306300E+0001  2.732085E+0001
 1.317300E+0001  2.704617E+0001
 1.329800E+0001  2.670282E+0001
 1.342200E+0001  2.652624E+0001
 1.354700E+0001  2.622213E+0001
 1.375000E+0001  1.573524E+0001
 1.387500E+0001  8.770140E+0000
 1.400000E+0001  3.335400E+0000
 1.411000E+0001  1.177200E+0000
 1.423500E+0001  3.531600E-0001
 1.434500E+0001  7.848000E-0002
 1.447000E+0001  0.000000E+0000
 1.471900E+0001 -1.962000E-0002
 1.495400E+0001 -2.943000E-0002
 1.518700E+0001 -2.943000E-0002
 1.543700E+0001 -2.943000E-0002

