#============================================================
# Created with Tensionmeter 1.0 on 30.4.2018, 9:02:30.
#============================================================
 0.000000E+0000 -1.578429E+0001
 4.830000E-0001 -1.576467E+0001
 7.180000E-0001 -1.572543E+0001
 9.520000E-0001 -1.568619E+0001
 1.202000E+0000 -1.560771E+0001
 1.437000E+0000 -1.543113E+0001
 1.562000E+0000 -1.305711E+0001
 1.687000E+0000 -1.058499E+0001
 1.796000E+0000 -7.475220E+0000
 1.921000E+0000 -4.375260E+0000
 2.046000E+0000 -1.334160E+0000
 2.156000E+0000  1.363590E+0000
 2.281000E+0000  3.325590E+0000
 2.406000E+0000  4.836330E+0000
 2.514000E+0000  6.209730E+0000
 2.639000E+0000  7.857810E+0000
 2.764000E+0000  9.849240E+0000
 2.874000E+0000  1.209573E+0001
 3.000000E+0000  1.456785E+0001
 3.125000E+0000  1.668681E+0001
 3.233000E+0000  1.820736E+0001
 3.358000E+0000  1.913931E+0001
 3.483000E+0000  1.965924E+0001
 3.593000E+0000  1.986525E+0001
 3.718000E+0000  2.000259E+0001
 3.843000E+0000  2.010069E+0001
 3.953000E+0000  2.048328E+0001
 4.077000E+0000  2.135637E+0001
 4.202000E+0000  2.257281E+0001
 4.312000E+0000  2.383830E+0001
 4.437000E+0000  2.506455E+0001
 4.562000E+0000  2.610441E+0001
 4.672000E+0000  2.689902E+0001
 4.797000E+0000  2.752686E+0001
 4.922000E+0000  2.800755E+0001
 5.030000E+0000  2.847843E+0001
 5.155000E+0000  2.887083E+0001
 5.281000E+0000  2.915532E+0001
 5.390000E+0000  2.930247E+0001
 5.514000E+0000  2.946924E+0001
 5.639000E+0000  2.963601E+0001
 5.749000E+0000  2.978316E+0001
 5.874000E+0000  2.989107E+0001
 5.999000E+0000  2.997936E+0001
 6.234000E+0000  3.006765E+0001
 6.467000E+0000  3.032271E+0001
 6.593000E+0000  3.144105E+0001
 6.718000E+0000  3.199041E+0001
 6.828000E+0000  3.263787E+0001
 6.953000E+0000  3.305970E+0001
 7.078000E+0000  3.349134E+0001
 7.186000E+0000  3.393279E+0001
 7.311000E+0000  3.433500E+0001
 7.422000E+0000  3.467835E+0001
 7.547000E+0000  3.491379E+0001
 7.672000E+0000  3.508056E+0001
 7.780000E+0000  3.522771E+0001
 7.905000E+0000  3.535524E+0001
 8.030000E+0000  3.543372E+0001
 8.265000E+0000  3.546315E+0001
 8.499000E+0000  3.543372E+0001
 8.749000E+0000  3.531600E+0001
 8.859000E+0000  3.483531E+0001
 8.984000E+0000  3.457044E+0001
 9.109000E+0000  3.425652E+0001
 9.219000E+0000  3.405051E+0001
 9.342000E+0000  3.385431E+0001
 9.468000E+0000  3.368754E+0001
 9.577000E+0000  3.353058E+0001
 9.703000E+0000  3.335400E+0001
 9.828000E+0000  3.317742E+0001
 9.953000E+0000  3.302046E+0001
 1.006100E+0001  3.282426E+0001
 1.018600E+0001  3.254958E+0001
 1.029600E+0001  3.226509E+0001
 1.042100E+0001  3.196098E+0001
 1.054700E+0001  3.179421E+0001
 1.065600E+0001  3.164706E+0001
 1.078000E+0001  3.152934E+0001
 1.090500E+0001  3.141162E+0001
 1.101500E+0001  3.124485E+0001
 1.114000E+0001  3.105846E+0001
 1.126500E+0001  3.086226E+0001
 1.137500E+0001  3.060720E+0001
 1.150000E+0001  3.024423E+0001
 1.162500E+0001  2.985183E+0001
 1.173300E+0001  2.946924E+0001
 1.185800E+0001  2.911608E+0001
 1.198400E+0001  2.879235E+0001
 1.209400E+0001  2.844900E+0001
 1.221900E+0001  2.818413E+0001
 1.234400E+0001  2.788983E+0001
 1.245200E+0001  2.763477E+0001
 1.257700E+0001  2.740914E+0001
 1.270200E+0001  2.720313E+0001
 1.281200E+0001  2.692845E+0001
 1.293700E+0001  2.668320E+0001
 1.306100E+0001  2.649681E+0001
 1.317100E+0001  2.641833E+0001
 1.342100E+0001  2.637909E+0001
 1.365600E+0001  2.634966E+0001
 1.390600E+0001  2.373039E+0001
 1.403000E+0001  1.150713E+0001
 1.413900E+0001  5.993910E+0000
 1.426500E+0001  1.177200E+0000
 1.439000E+0001  3.531600E-0001
 1.450000E+0001  7.848000E-0002
 1.462500E+0001 -9.810000E-0003
 1.487400E+0001 -2.943000E-0002
 1.510900E+0001 -3.924000E-0002

