#============================================================
# Created with Tensionmeter 1.0 on 30.4.2018, 9:02:30.
#============================================================
 0.000000E+0000 -1.733427E+0001
 4.830000E-0001 -1.733427E+0001
 9.690000E-0001 -1.733427E+0001
 1.437000E+0000 -1.731465E+0001
 1.687000E+0000 -1.723617E+0001
 1.922000E+0000 -1.689282E+0001
 2.046000E+0000 -1.552923E+0001
 2.155000E+0000 -1.507797E+0001
 2.281000E+0000 -1.461690E+0001
 2.406000E+0000 -1.455804E+0001
 2.641000E+0000 -1.434222E+0001
 2.766000E+0000 -1.095777E+0001
 2.874000E+0000 -7.651800E+0000
 2.999000E+0000 -3.776850E+0000
 3.124000E+0000 -2.746800E-0001
 3.234000E+0000  3.090150E+0000
 3.359000E+0000  6.082200E+0000
 3.483000E+0000  8.779950E+0000
 3.593000E+0000  1.131093E+0001
 3.718000E+0000  1.358685E+0001
 3.843000E+0000  1.544094E+0001
 3.953000E+0000  1.715769E+0001
 4.078000E+0000  1.870767E+0001
 4.203000E+0000  1.978677E+0001
 4.311000E+0000  2.044404E+0001
 4.436000E+0000  2.074815E+0001
 4.562000E+0000  2.087568E+0001
 4.672000E+0000  2.092473E+0001
 4.922000E+0000  2.092473E+0001
 5.155000E+0000  2.100321E+0001
 5.391000E+0000  2.131713E+0001
 5.516000E+0000  2.293578E+0001
 5.641000E+0000  2.387754E+0001
 5.749000E+0000  2.488797E+0001
 5.874000E+0000  2.550600E+0001
 5.999000E+0000  2.603574E+0001
 6.109000E+0000  2.653605E+0001
 6.234000E+0000  2.705598E+0001
 6.359000E+0000  2.749743E+0001
 6.468000E+0000  2.780154E+0001
 6.593000E+0000  2.795850E+0001
 6.718000E+0000  2.803698E+0001
 6.953000E+0000  2.806641E+0001
 7.203000E+0000  2.812527E+0001
 7.436000E+0000  2.832147E+0001
 7.546000E+0000  2.938095E+0001
 7.672000E+0000  3.009708E+0001
 7.797000E+0000  3.089169E+0001
 7.905000E+0000  3.136257E+0001
 8.030000E+0000  3.180402E+0001
 8.155000E+0000  3.222585E+0001
 8.265000E+0000  3.257901E+0001
 8.390000E+0000  3.283407E+0001
 8.516000E+0000  3.309894E+0001
 8.625000E+0000  3.338343E+0001
 8.749000E+0000  3.373659E+0001
 8.874000E+0000  3.412899E+0001
 8.984000E+0000  3.448215E+0001
 9.109000E+0000  3.476664E+0001
 9.234000E+0000  3.497265E+0001
 9.344000E+0000  3.514923E+0001
 9.469000E+0000  3.528657E+0001
 9.594000E+0000  3.536505E+0001
 9.827000E+0000  3.532581E+0001
 1.006200E+0001  3.504132E+0001
 1.018800E+0001  3.299103E+0001
 1.031300E+0001  3.156858E+0001
 1.042100E+0001  3.032271E+0001
 1.054600E+0001  2.978316E+0001
 1.067100E+0001  2.954772E+0001
 1.078100E+0001  2.943000E+0001
 1.090600E+0001  2.938095E+0001
 1.114000E+0001  2.935152E+0001
 1.139000E+0001  2.934171E+0001
 1.162500E+0001  2.923380E+0001
 1.185800E+0001  2.906703E+0001
 1.198300E+0001  2.836071E+0001
 1.210800E+0001  2.790945E+0001
 1.221900E+0001  2.740914E+0001
 1.234400E+0001  2.709522E+0001
 1.246900E+0001  2.681073E+0001
 1.257700E+0001  2.653605E+0001
 1.270200E+0001  2.633985E+0001
 1.282700E+0001  2.621232E+0001
 1.293800E+0001  2.570220E+0001
 1.314000E+0001  1.561752E+0001
 1.325000E+0001  8.681850E+0000
 1.337500E+0001  3.345210E+0000
 1.349900E+0001  1.167390E+0000
 1.360800E+0001  3.531600E-0001
 1.373400E+0001  7.848000E-0002
 1.385900E+0001  0.000000E+0000
 1.396900E+0001 -2.943000E-0002
 1.421900E+0001 -3.924000E-0002
 1.445200E+0001 -3.924000E-0002
 1.468800E+0001 -3.924000E-0002
 1.493800E+0001 -3.924000E-0002
 1.540600E+0001 -3.924000E-0002
 1.589000E+0001 -3.924000E-0002
 1.637500E+0001 -3.924000E-0002

