#============================================================
# Created with Tensionmeter 1.0 on 30.4.2018, 9:02:30.
#============================================================
 0.000000E+0000 -2.476044E+0001
 2.350000E-0001 -2.471139E+0001
 4.690000E-0001 -2.467215E+0001
 7.190000E-0001 -2.467215E+0001
 9.540000E-0001 -2.466234E+0001
 1.187000E+0000 -2.455443E+0001
 1.312000E+0000 -2.217060E+0001
 1.437000E+0000 -2.052252E+0001
 1.548000E+0000 -1.932570E+0001
 1.673000E+0000 -1.881558E+0001
 1.798000E+0000 -1.858014E+0001
 1.906000E+0000 -1.837413E+0001
 2.031000E+0000 -1.753047E+0001
 2.156000E+0000 -1.543113E+0001
 2.281000E+0000 -1.315521E+0001
 2.391000E+0000 -1.124226E+0001
 2.516000E+0000 -8.868240E+0000
 2.640000E+0000 -5.670180E+0000
 2.750000E+0000 -2.236680E+0000
 2.875000E+0000  9.515700E-0001
 3.000000E+0000  4.031910E+0000
 3.110000E+0000  7.406550E+0000
 3.235000E+0000  1.073214E+0001
 3.360000E+0000  1.368495E+0001
 3.469000E+0000  1.607859E+0001
 3.594000E+0000  1.799154E+0001
 3.719000E+0000  1.941399E+0001
 3.829000E+0000  2.043423E+0001
 3.954000E+0000  2.105226E+0001
 4.079000E+0000  2.134656E+0001
 4.187000E+0000  2.147409E+0001
 4.312000E+0000  2.151333E+0001
 4.548000E+0000  2.151333E+0001
 4.798000E+0000  2.152314E+0001
 5.031000E+0000  2.171934E+0001
 5.156000E+0000  2.289654E+0001
 5.266000E+0000  2.346552E+0001
 5.391000E+0000  2.405412E+0001
 5.516000E+0000  2.432880E+0001
 5.626000E+0000  2.464272E+0001
 5.750000E+0000  2.519208E+0001
 5.875000E+0000  2.598669E+0001
 5.985000E+0000  2.685978E+0001
 6.110000E+0000  2.763477E+0001
 6.235000E+0000  2.821356E+0001
 6.345000E+0000  2.872368E+0001
 6.470000E+0000  2.915532E+0001
 6.594000E+0000  2.953791E+0001
 6.703000E+0000  2.986164E+0001
 6.829000E+0000  3.014613E+0001
 6.954000E+0000  3.034233E+0001
 7.062000E+0000  3.055815E+0001
 7.187000E+0000  3.074454E+0001
 7.312000E+0000  3.089169E+0001
 7.422000E+0000  3.099960E+0001
 7.672000E+0000  3.100941E+0001
 7.907000E+0000  3.100941E+0001
 8.141000E+0000  3.097017E+0001
 8.391000E+0000  3.097998E+0001
 8.626000E+0000  3.100941E+0001
 8.859000E+0000  3.116637E+0001
 8.984000E+0000  3.214737E+0001
 9.110000E+0000  3.277521E+0001
 9.220000E+0000  3.342267E+0001
 9.345000E+0000  3.373659E+0001
 9.453000E+0000  3.400146E+0001
 9.578000E+0000  3.415842E+0001
 9.703000E+0000  3.425652E+0001
 9.813000E+0000  3.441348E+0001
 9.938000E+0000  3.464892E+0001
 1.006300E+0001  3.487455E+0001
 1.017200E+0001  3.503151E+0001
 1.029700E+0001  3.511980E+0001
 1.053200E+0001  3.515904E+0001
 1.078200E+0001  3.522771E+0001
 1.101600E+0001  3.527676E+0001
 1.125100E+0001  3.534543E+0001
 1.150100E+0001  3.536505E+0001
 1.173400E+0001  3.539448E+0001
 1.196900E+0001  3.535524E+0001
 1.222000E+0001  3.526695E+0001
 1.245300E+0001  3.514923E+0001
 1.257800E+0001  3.484512E+0001
 1.268800E+0001  3.464892E+0001
 1.281300E+0001  3.448215E+0001
 1.293800E+0001  3.440367E+0001
 1.317300E+0001  3.434481E+0001
 1.340600E+0001  3.427614E+0001
 1.365700E+0001  3.416823E+0001
 1.376700E+0001  3.384450E+0001
 1.389200E+0001  3.366792E+0001
 1.401700E+0001  3.346191E+0001
 1.412500E+0001  3.338343E+0001
 1.437500E+0001  3.333438E+0001
 1.461000E+0001  3.322647E+0001
 1.473400E+0001  3.266730E+0001
 1.484400E+0001  3.236319E+0001
 1.496900E+0001  3.202965E+0001
 1.509400E+0001  3.179421E+0001
 1.520400E+0001  3.151953E+0001
 1.532900E+0001  3.119580E+0001
 1.545400E+0001  3.090150E+0001
 1.556300E+0001  3.068568E+0001
 1.568800E+0001  3.040119E+0001
 1.581300E+0001  3.002841E+0001
 1.592300E+0001  2.966544E+0001
 1.604800E+0001  2.938095E+0001
 1.617300E+0001  2.923380E+0001
 1.628100E+0001  2.915532E+0001
 1.653100E+0001  2.906703E+0001
 1.676700E+0001  2.891988E+0001
 1.689200E+0001  2.846862E+0001
 1.700000E+0001  2.810565E+0001
 1.712500E+0001  2.765439E+0001
 1.725000E+0001  2.745819E+0001
 1.736000E+0001  2.743857E+0001
 1.761000E+0001  2.728161E+0001
 1.778100E+0001  1.596087E+0001
 1.790600E+0001  8.858430E+0000
 1.801600E+0001  3.217680E+0000
 1.814100E+0001  1.128150E+0000
 1.826700E+0001  3.433500E-0001
 1.837600E+0001  2.943000E-0002
 1.850000E+0001 -3.924000E-0002
 1.875000E+0001 -6.867000E-0002
 1.898500E+0001 -6.867000E-0002
 1.922000E+0001 -6.867000E-0002
 1.946900E+0001 -5.886000E-0002
 1.970400E+0001 -5.886000E-0002

