#============================================================
# Created with Tensionmeter 1.0 on 30.4.2018, 9:02:30.
#============================================================
 0.000000E+0000 -1.200744E+0001
 1.090000E-0001 -1.181124E+0001
 2.340000E-0001 -1.169352E+0001
 3.580000E-0001 -1.153656E+0001
 4.670000E-0001 -1.143846E+0001
 7.180000E-0001 -1.141884E+0001
 9.530000E-0001 -1.139922E+0001
 1.202000E+0000 -1.137960E+0001
 1.437000E+0000 -1.128150E+0001
 1.670000E+0000 -1.116378E+0001
 1.795000E+0000 -1.097739E+0001
 1.920000E+0000 -1.074195E+0001
 2.030000E+0000 -1.056537E+0001
 2.155000E+0000 -1.050651E+0001
 2.390000E+0000 -1.048689E+0001
 2.639000E+0000 -1.001601E+0001
 2.749000E+0000 -4.257540E+0000
 2.874000E+0000  1.137960E+0000
 2.999000E+0000  6.759090E+0000
 3.109000E+0000  1.073214E+0001
 3.234000E+0000  1.360647E+0001
 3.359000E+0000  1.577448E+0001
 3.467000E+0000  1.736370E+0001
 3.592000E+0000  1.855071E+0001
 3.718000E+0000  1.943361E+0001
 3.828000E+0000  1.998297E+0001
 3.953000E+0000  2.028708E+0001
 4.078000E+0000  2.044404E+0001
 4.186000E+0000  2.052252E+0001
 4.436000E+0000  2.056176E+0001
 4.671000E+0000  2.056176E+0001
 4.905000E+0000  2.067948E+0001
 5.030000E+0000  2.182725E+0001
 5.155000E+0000  2.273958E+0001
 5.265000E+0000  2.374020E+0001
 5.390000E+0000  2.453481E+0001
 5.515000E+0000  2.524113E+0001
 5.624000E+0000  2.591802E+0001
 5.749000E+0000  2.650662E+0001
 5.874000E+0000  2.700693E+0001
 5.984000E+0000  2.740914E+0001
 6.109000E+0000  2.768382E+0001
 6.234000E+0000  2.788983E+0001
 6.342000E+0000  2.810565E+0001
 6.467000E+0000  2.832147E+0001
 6.592000E+0000  2.855691E+0001
 6.702000E+0000  2.880216E+0001
 6.828000E+0000  2.903760E+0001
 6.953000E+0000  2.926323E+0001
 7.061000E+0000  2.950848E+0001
 7.186000E+0000  2.981259E+0001
 7.311000E+0000  3.012651E+0001
 7.421000E+0000  3.040119E+0001
 7.546000E+0000  3.056796E+0001
 7.672000E+0000  3.061701E+0001
 7.905000E+0000  3.064644E+0001
 8.140000E+0000  3.064644E+0001
 8.390000E+0000  3.063663E+0001
 8.625000E+0000  3.056796E+0001
 8.858000E+0000  3.048948E+0001
 9.109000E+0000  3.047967E+0001
 9.342000E+0000  3.048948E+0001
 9.577000E+0000  3.051891E+0001
 9.827000E+0000  3.053853E+0001
 1.006200E+0001  3.060720E+0001
 1.029600E+0001  3.070530E+0001
 1.042100E+0001  3.077397E+0001
 1.065600E+0001  3.078378E+0001
 1.090600E+0001  3.082302E+0001
 1.113900E+0001  3.093093E+0001
 1.137500E+0001  3.108789E+0001
 1.150000E+0001  3.150972E+0001
 1.162500E+0001  3.168630E+0001
 1.173300E+0001  3.188250E+0001
 1.185800E+0001  3.197079E+0001
 1.209300E+0001  3.202965E+0001
 1.234300E+0001  3.211794E+0001
 1.257700E+0001  3.222585E+0001
 1.270200E+0001  3.262806E+0001
 1.281200E+0001  3.289293E+0001
 1.293700E+0001  3.318723E+0001
 1.304700E+0001  3.334419E+0001
 1.317200E+0001  3.351096E+0001
 1.329600E+0001  3.374640E+0001
 1.340500E+0001  3.401127E+0001
 1.353100E+0001  3.424671E+0001
 1.365600E+0001  3.440367E+0001
 1.376400E+0001  3.449196E+0001
 1.388900E+0001  3.454101E+0001
 1.412400E+0001  3.457044E+0001
 1.437500E+0001  3.463911E+0001
 1.460800E+0001  3.473721E+0001
 1.473300E+0001  3.508056E+0001
 1.484300E+0001  3.524733E+0001
 1.496800E+0001  3.539448E+0001
 1.509300E+0001  3.544353E+0001
 1.532800E+0001  3.543372E+0001
 1.556100E+0001  3.542391E+0001
 1.581200E+0001  3.540429E+0001
 1.604700E+0001  3.535524E+0001
 1.628000E+0001  3.534543E+0001
 1.653000E+0001  3.532581E+0001
 1.676500E+0001  3.532581E+0001
 1.699900E+0001  3.532581E+0001
 1.724900E+0001  3.528657E+0001
 1.748400E+0001  3.523752E+0001
 1.771800E+0001  3.505113E+0001
 1.784300E+0001  3.441348E+0001
 1.796800E+0001  3.416823E+0001
 1.807800E+0001  3.369735E+0001
 1.829600E+0001  2.199402E+0001
 1.842100E+0001  1.265490E+0001
 1.853100E+0001  5.395500E+0000
 1.865600E+0001  2.079720E+0000
 1.878100E+0001  8.044200E-0001
 1.888900E+0001  3.629700E-0001
 1.901400E+0001  2.158200E-0001
 1.913900E+0001  1.667700E-0001
 1.937500E+0001  1.569600E-0001
 1.962500E+0001  1.569600E-0001
 1.985800E+0001  1.569600E-0001
 2.009400E+0001  1.569600E-0001
 2.057700E+0001  1.569600E-0001
 2.106200E+0001  1.373400E-0001
 2.154600E+0001  1.373400E-0001
 2.201600E+0001  1.373400E-0001
 2.250000E+0001  1.373400E-0001
 2.298300E+0001  1.373400E-0001
 2.345200E+0001  1.373400E-0001
 2.393700E+0001  1.373400E-0001
 2.442100E+0001  1.373400E-0001
 2.489100E+0001  1.373400E-0001
 2.537400E+0001  1.373400E-0001
 2.585800E+0001  1.373400E-0001

