#============================================================
# Created with Tensionmeter 1.0 on 30.4.2018, 9:02:30.
#============================================================
 0.000000E+0000 -1.256661E+0001
 2.350000E-0001 -1.254699E+0001
 4.850000E-0001 -1.252737E+0001
 7.190000E-0001 -1.248813E+0001
 9.540000E-0001 -1.240965E+0001
 1.204000E+0000 -1.231155E+0001
 1.437000E+0000 -1.218402E+0001
 1.562000E+0000 -1.099701E+0001
 1.673000E+0000 -1.001601E+0001
 1.798000E+0000 -9.182160E+0000
 1.923000E+0000 -8.779950E+0000
 2.031000E+0000 -8.554320E+0000
 2.156000E+0000 -7.700850E+0000
 2.281000E+0000 -5.071770E+0000
 2.391000E+0000 -1.020240E+0000
 2.516000E+0000  3.129390E+0000
 2.641000E+0000  6.092010E+0000
 2.750000E+0000  7.671420E+0000
 2.875000E+0000  8.269830E+0000
 3.000000E+0000  9.054630E+0000
 3.110000E+0000  1.156599E+0001
 3.235000E+0000  1.483272E+0001
 3.360000E+0000  1.789344E+0001
 3.470000E+0000  2.020860E+0001
 3.594000E+0000  2.182725E+0001
 3.719000E+0000  2.306331E+0001
 3.829000E+0000  2.419146E+0001
 3.954000E+0000  2.527056E+0001
 4.079000E+0000  2.626137E+0001
 4.187000E+0000  2.718351E+0001
 4.312000E+0000  2.810565E+0001
 4.437000E+0000  2.903760E+0001
 4.547000E+0000  2.990088E+0001
 4.672000E+0000  3.048948E+0001
 4.798000E+0000  3.081321E+0001
 4.907000E+0000  3.101922E+0001
 5.031000E+0000  3.113694E+0001
 5.156000E+0000  3.121542E+0001
 5.391000E+0000  3.125466E+0001
 5.626000E+0000  3.140181E+0001
 5.751000E+0000  3.239262E+0001
 5.875000E+0000  3.304989E+0001
 5.984000E+0000  3.365811E+0001
 6.110000E+0000  3.401127E+0001
 6.235000E+0000  3.431538E+0001
 6.345000E+0000  3.459987E+0001
 6.470000E+0000  3.479607E+0001
 6.595000E+0000  3.495303E+0001
 6.703000E+0000  3.504132E+0001
 6.953000E+0000  3.508056E+0001
 7.188000E+0000  3.512961E+0001
 7.422000E+0000  3.519828E+0001
 7.672000E+0000  3.526695E+0001
 7.907000E+0000  3.531600E+0001
 8.141000E+0000  3.531600E+0001
 8.391000E+0000  3.514923E+0001
 8.501000E+0000  3.392298E+0001
 8.626000E+0000  3.330495E+0001
 8.751000E+0000  3.263787E+0001
 8.859000E+0000  3.220623E+0001
 8.984000E+0000  3.175497E+0001
 9.109000E+0000  3.117618E+0001
 9.220000E+0000  3.053853E+0001
 9.345000E+0000  2.994012E+0001
 9.470000E+0000  2.950848E+0001
 9.578000E+0000  2.909646E+0001
 9.703000E+0000  2.863539E+0001
 9.828000E+0000  2.811546E+0001
 9.938000E+0000  2.756610E+0001
 1.006300E+0001  2.709522E+0001
 1.018800E+0001  2.672244E+0001
 1.029700E+0001  2.648700E+0001
 1.042200E+0001  2.630061E+0001
 1.054700E+0001  2.618289E+0001
 1.065700E+0001  2.613384E+0001
 1.092200E+0001  2.357343E+0001
 1.104700E+0001  1.148751E+0001
 1.115700E+0001  5.993910E+0000
 1.128200E+0001  1.206630E+0000
 1.140600E+0001  3.629700E-0001
 1.151600E+0001  7.848000E-0002
 1.164100E+0001  0.000000E+0000
 1.187600E+0001 -1.962000E-0002
 1.212600E+0001 -2.943000E-0002
 1.235900E+0001 -3.924000E-0002
 1.261000E+0001 -3.924000E-0002

