#============================================================
# Created with Tensionmeter 1.0 on 30.4.2018, 9:02:30.
#============================================================
 0.000000E+0000 -8.917290E+0000
 4.850000E-0001 -8.927100E+0000
 9.690000E-0001 -8.927100E+0000
 1.438000E+0000 -8.887860E+0000
 1.687000E+0000 -8.583750E+0000
 1.798000E+0000 -5.081580E+0000
 1.923000E+0000 -2.324970E+0000
 2.031000E+0000  8.730900E-0001
 2.156000E+0000  4.012290E+0000
 2.281000E+0000  7.445790E+0000
 2.406000E+0000  1.071252E+0001
 2.531000E+0000  1.348875E+0001
 2.642000E+0000  1.569600E+0001
 2.767000E+0000  1.746180E+0001
 2.875000E+0000  1.880577E+0001
 3.000000E+0000  1.969848E+0001
 3.125000E+0000  2.020860E+0001
 3.235000E+0000  2.045385E+0001
 3.360000E+0000  2.056176E+0001
 3.485000E+0000  2.061081E+0001
 3.719000E+0000  2.063043E+0001
 3.954000E+0000  2.066967E+0001
 4.204000E+0000  2.075796E+0001
 4.314000E+0000  2.147409E+0001
 4.439000E+0000  2.211174E+0001
 4.564000E+0000  2.289654E+0001
 4.672000E+0000  2.350476E+0001
 4.797000E+0000  2.409336E+0001
 4.923000E+0000  2.468196E+0001
 5.032000E+0000  2.526075E+0001
 5.156000E+0000  2.575125E+0001
 5.281000E+0000  2.622213E+0001
 5.391000E+0000  2.678130E+0001
 5.516000E+0000  2.736990E+0001
 5.641000E+0000  2.783097E+0001
 5.751000E+0000  2.824299E+0001
 5.876000E+0000  2.868444E+0001
 6.000000E+0000  2.914551E+0001
 6.109000E+0000  2.951829E+0001
 6.235000E+0000  2.991069E+0001
 6.360000E+0000  3.041100E+0001
 6.485000E+0000  3.099960E+0001
 6.595000E+0000  3.158820E+0001
 6.720000E+0000  3.215718E+0001
 6.828000E+0000  3.262806E+0001
 6.953000E+0000  3.299103E+0001
 7.078000E+0000  3.326571E+0001
 7.189000E+0000  3.343248E+0001
 7.314000E+0000  3.353058E+0001
 7.547000E+0000  3.355020E+0001
 7.797000E+0000  3.357963E+0001
 8.032000E+0000  3.358944E+0001
 8.266000E+0000  3.365811E+0001
 8.516000E+0000  3.381507E+0001
 8.626000E+0000  3.456063E+0001
 8.751000E+0000  3.495303E+0001
 8.876000E+0000  3.532581E+0001
 8.984000E+0000  3.542391E+0001
 9.235000E+0000  3.543372E+0001
 9.470000E+0000  3.540429E+0001
 9.703000E+0000  3.524733E+0001
 9.828000E+0000  3.433500E+0001
 9.953000E+0000  3.378564E+0001
 1.006300E+0001  3.319704E+0001
 1.018900E+0001  3.274578E+0001
 1.031400E+0001  3.234357E+0001
 1.042200E+0001  3.201003E+0001
 1.054700E+0001  3.183345E+0001
 1.067200E+0001  3.172554E+0001
 1.078200E+0001  3.167649E+0001
 1.103200E+0001  3.164706E+0001
 1.126700E+0001  3.163725E+0001
 1.150000E+0001  3.162744E+0001
 1.175100E+0001  3.159801E+0001
 1.198600E+0001  3.154896E+0001
 1.221900E+0001  3.143124E+0001
 1.234400E+0001  3.103884E+0001
 1.247000E+0001  3.078378E+0001
 1.257900E+0001  3.041100E+0001
 1.270300E+0001  3.017556E+0001
 1.282800E+0001  2.978316E+0001
 1.293800E+0001  2.931228E+0001
 1.306300E+0001  2.870406E+0001
 1.318800E+0001  2.820375E+0001
 1.329800E+0001  2.784078E+0001
 1.342300E+0001  2.757591E+0001
 1.354800E+0001  2.718351E+0001
 1.365600E+0001  2.685978E+0001
 1.378100E+0001  2.664396E+0001
 1.390700E+0001  2.649681E+0001
 1.401700E+0001  2.641833E+0001
 1.426700E+0001  2.636928E+0001
 1.450000E+0001  2.630061E+0001
 1.482800E+0001  2.369115E+0001
 1.495300E+0001  1.154637E+0001
 1.507900E+0001  6.013530E+0000
 1.518900E+0001  1.187010E+0000
 1.531400E+0001  3.531600E-0001
 1.542200E+0001  7.848000E-0002
 1.554700E+0001 -9.810000E-0003
 1.579700E+0001 -2.943000E-0002
 1.603200E+0001 -3.924000E-0002
 1.626600E+0001 -3.924000E-0002
 1.651600E+0001 -4.905000E-0002

