#============================================================
# Created with Tensionmeter 1.0 on 30.4.2018, 9:02:30.
#============================================================
 0.000000E+0000 -4.395861E+0001
 4.860000E-0001 -4.395861E+0001
 9.690000E-0001 -4.395861E+0001
 1.438000E+0000 -4.393899E+0001
 1.688000E+0000 -4.333077E+0001
 1.798000E+0000 -3.677769E+0001
 1.923000E+0000 -3.122523E+0001
 2.048000E+0000 -2.522151E+0001
 2.157000E+0000 -2.091492E+0001
 2.282000E+0000 -1.741275E+0001
 2.407000E+0000 -1.476405E+0001
 2.517000E+0000 -1.293939E+0001
 2.642000E+0000 -1.177200E+0001
 2.767000E+0000 -1.084005E+0001
 2.892000E+0000 -1.013373E+0001
 3.000000E+0000 -9.721710E+0000
 3.125000E+0000 -9.643230E+0000
 3.361000E+0000 -9.633420E+0000
 3.611000E+0000 -9.633420E+0000
 3.844000E+0000 -9.476460E+0000
 3.969000E+0000 -7.965720E+0000
 4.080000E+0000 -6.523650E+0000
 4.204000E+0000 -4.757850E+0000
 4.329000E+0000 -3.305970E+0000
 4.438000E+0000 -1.706940E+0000
 4.563000E+0000  2.844900E-0001
 4.688000E+0000  2.893950E+0000
 4.798000E+0000  5.650560E+0000
 4.923000E+0000  8.073630E+0000
 5.048000E+0000  9.908100E+0000
 5.158000E+0000  1.121283E+0001
 5.282000E+0000  1.228212E+0001
 5.407000E+0000  1.328274E+0001
 5.517000E+0000  1.419507E+0001
 5.642000E+0000  1.508778E+0001
 5.767000E+0000  1.591182E+0001
 5.875000E+0000  1.670643E+0001
 6.000000E+0000  1.765800E+0001
 6.125000E+0000  1.878615E+0001
 6.235000E+0000  1.984563E+0001
 6.361000E+0000  2.067948E+0001
 6.486000E+0000  2.123865E+0001
 6.594000E+0000  2.152314E+0001
 6.719000E+0000  2.166048E+0001
 6.844000E+0000  2.170953E+0001
 7.079000E+0000  2.174877E+0001
 7.314000E+0000  2.179782E+0001
 7.563000E+0000  2.198421E+0001
 7.672000E+0000  2.296521E+0001
 7.798000E+0000  2.364210E+0001
 7.923000E+0000  2.438766E+0001
 8.033000E+0000  2.483892E+0001
 8.158000E+0000  2.519208E+0001
 8.283000E+0000  2.549619E+0001
 8.391000E+0000  2.580030E+0001
 8.516000E+0000  2.607498E+0001
 8.642000E+0000  2.640852E+0001
 8.751000E+0000  2.684016E+0001
 8.875000E+0000  2.739933E+0001
 9.000000E+0000  2.803698E+0001
 9.110000E+0000  2.866482E+0001
 9.235000E+0000  2.921418E+0001
 9.360000E+0000  2.970468E+0001
 9.470000E+0000  3.016575E+0001
 9.595000E+0000  3.060720E+0001
 9.720000E+0000  3.104865E+0001
 9.829000E+0000  3.140181E+0001
 9.954000E+0000  3.163725E+0001
 1.007900E+0001  3.176478E+0001
 1.018900E+0001  3.182364E+0001
 1.043900E+0001  3.183345E+0001
 1.067200E+0001  3.186288E+0001
 1.090800E+0001  3.200022E+0001
 1.103300E+0001  3.282426E+0001
 1.115800E+0001  3.334419E+0001
 1.126600E+0001  3.398184E+0001
 1.139100E+0001  3.441348E+0001
 1.151600E+0001  3.475683E+0001
 1.162600E+0001  3.496284E+0001
 1.175100E+0001  3.509037E+0001
 1.187600E+0001  3.522771E+0001
 1.198500E+0001  3.535524E+0001
 1.211000E+0001  3.543372E+0001
 1.234500E+0001  3.546315E+0001
 1.259500E+0001  3.547296E+0001
 1.282900E+0001  3.546315E+0001
 1.306400E+0001  3.531600E+0001
 1.318900E+0001  3.330495E+0001
 1.331400E+0001  3.154896E+0001
 1.342200E+0001  3.001860E+0001
 1.354700E+0001  2.934171E+0001
 1.367200E+0001  2.926323E+0001
 1.390700E+0001  2.930247E+0001
 1.414200E+0001  2.941038E+0001
 1.439100E+0001  2.946924E+0001
 1.462600E+0001  2.951829E+0001
 1.486100E+0001  2.953791E+0001
 1.511000E+0001  2.954772E+0001
 1.534500E+0001  2.950848E+0001
 1.558000E+0001  2.946924E+0001
 1.583000E+0001  2.945943E+0001
 1.606300E+0001  2.943000E+0001
 1.629800E+0001  2.934171E+0001
 1.653200E+0001  2.914551E+0001
 1.665700E+0001  2.836071E+0001
 1.678200E+0001  2.806641E+0001
 1.689200E+0001  2.776230E+0001
 1.701700E+0001  2.777211E+0001
 1.726700E+0001  2.776230E+0001
 1.750000E+0001  2.772306E+0001
 1.773600E+0001  2.772306E+0001
 1.798600E+0001  2.764458E+0001
 1.821900E+0001  2.759553E+0001
 1.845500E+0001  2.755629E+0001
 1.868800E+0001  2.744838E+0001
 1.881300E+0001  2.670282E+0001
 1.903300E+0001  1.621593E+0001
 1.915800E+0001  8.985960E+0000
 1.926600E+0001  3.453120E+0000
 1.939100E+0001  1.206630E+0000
 1.951600E+0001  3.629700E-0001
 1.962700E+0001  7.848000E-0002
 1.975200E+0001 -9.810000E-0003
 1.987700E+0001 -3.924000E-0002
 2.011000E+0001 -4.905000E-0002
 2.034500E+0001 -4.905000E-0002
 2.059500E+0001 -4.905000E-0002
 2.082900E+0001 -4.905000E-0002
 2.131400E+0001 -4.905000E-0002
 2.179700E+0001 -4.905000E-0002
 2.226600E+0001 -4.905000E-0002
 2.275100E+0001 -4.905000E-0002
 2.323500E+0001 -4.905000E-0002
 2.370500E+0001 -4.905000E-0002

