#============================================================
# Created with Tensionmeter 1.0 on 30.4.2018, 9:02:30.
#============================================================
 0.000000E+0000 -6.533460E+0000
 2.500000E-0001 -6.513840E+0000
 7.340000E-0001 -6.513840E+0000
 1.204000E+0000 -6.494220E+0000
 1.454000E+0000 -6.101820E+0000
 1.562000E+0000 -1.589220E+0000
 1.687000E+0000  2.403450E+0000
 1.813000E+0000  7.259400E+0000
 1.923000E+0000  1.152675E+0001
 2.048000E+0000  1.546056E+0001
 2.173000E+0000  1.839375E+0001
 2.281000E+0000  2.010069E+0001
 2.406000E+0000  2.096397E+0001
 2.531000E+0000  2.126808E+0001
 2.641000E+0000  2.134656E+0001
 2.890000E+0000  2.136618E+0001
 3.125000E+0000  2.146428E+0001
 3.360000E+0000  2.185668E+0001
 3.485000E+0000  2.392659E+0001
 3.610000E+0000  2.503512E+0001
 3.719000E+0000  2.617308E+0001
 3.844000E+0000  2.676168E+0001
 3.969000E+0000  2.747781E+0001
 4.079000E+0000  2.835090E+0001
 4.204000E+0000  2.933190E+0001
 4.329000E+0000  3.024423E+0001
 4.437000E+0000  3.097017E+0001
 4.562000E+0000  3.164706E+0001
 4.687000E+0000  3.227490E+0001
 4.798000E+0000  3.278502E+0001
 4.923000E+0000  3.326571E+0001
 5.048000E+0000  3.380526E+0001
 5.156000E+0000  3.437424E+0001
 5.281000E+0000  3.488436E+0001
 5.406000E+0000  3.516885E+0001
 5.516000E+0000  3.519828E+0001
 5.766000E+0000  3.519828E+0001
 6.000000E+0000  3.518847E+0001
 6.235000E+0000  3.515904E+0001
 6.485000E+0000  3.515904E+0001
 6.720000E+0000  3.512961E+0001
 6.953000E+0000  3.511980E+0001
 7.204000E+0000  3.510999E+0001
 7.672000E+0000  3.483531E+0001
 7.797000E+0000  3.295179E+0001
 7.922000E+0000  3.193155E+0001
 8.032000E+0000  3.070530E+0001
 8.157000E+0000  2.994993E+0001
 8.265000E+0000  2.930247E+0001
 8.390000E+0000  2.855691E+0001
 8.516000E+0000  2.779173E+0001
 8.626000E+0000  2.720313E+0001
 8.751000E+0000  2.688921E+0001
 8.876000E+0000  2.665377E+0001
 8.984000E+0000  2.649681E+0001
 9.109000E+0000  2.649681E+0001
 9.345000E+0000  2.669301E+0001
 9.470000E+0000  2.500569E+0001
 9.640000E+0000  1.443051E+0001
 9.765000E+0000  7.779330E+0000
 9.875000E+0000  2.815470E+0000
 1.000100E+0001  9.908100E-0001
 1.011000E+0001  3.335400E-0001
 1.023400E+0001  9.810000E-0002
 1.035900E+0001  2.943000E-0002
 1.059400E+0001  9.810000E-0003
 1.082900E+0001  0.000000E+0000
 1.107800E+0001  0.000000E+0000
 1.131300E+0001  0.000000E+0000
 1.179800E+0001  0.000000E+0000

